1
142
160.0 280.0 0.158113883008 0 0.158113883008
200.0 160.0 0.158113883008 0 0.158113883008
200.0 200.0 0.158113883008 0 0.158113883008
200.0 240.0 0.158113883008 0 0.158113883008
200.0 280.0 0.158113883008 0 0.158113883008
200.0 320.0 0.158113883008 0 0.158113883008
200.0 360.0 0.158113883008 0 0.158113883008
200.0 400.0 0.158113883008 0 0.158113883008
240.0 120.0 0.158113883008 0 0.158113883008
240.0 160.0 0.158113883008 0 0.158113883008
240.0 200.0 0.158113883008 0 0.158113883008
240.0 240.0 0.158113883008 0 0.158113883008
240.0 280.0 0.158113883008 0 0.158113883008
240.0 320.0 0.158113883008 0 0.158113883008
240.0 360.0 0.158113883008 0 0.158113883008
240.0 400.0 0.158113883008 0 0.158113883008
240.0 440.0 0.158113883008 0 0.158113883008
280.0 80.0 0.158113883008 0 0.158113883008
280.0 120.0 0.158113883008 0 0.158113883008
280.0 160.0 0.158113883008 0 0.158113883008
280.0 200.0 0.158113883008 0 0.158113883008
280.0 240.0 0.158113883008 0 0.158113883008
280.0 280.0 0.158113883008 0 0.158113883008
280.0 320.0 0.158113883008 0 0.158113883008
280.0 360.0 0.158113883008 0 0.158113883008
280.0 400.0 0.158113883008 0 0.158113883008
280.0 440.0 0.158113883008 0 0.158113883008
280.0 480.0 0.158113883008 0 0.158113883008
320.0 40.0 0.158113883008 0 0.158113883008
320.0 80.0 0.158113883008 0 0.158113883008
320.0 120.0 0.158113883008 0 0.158113883008
320.0 160.0 0.158113883008 0 0.158113883008
320.0 200.0 0.158113883008 0 0.158113883008
320.0 240.0 0.158113883008 0 0.158113883008
320.0 280.0 0.158113883008 0 0.158113883008
320.0 320.0 0.158113883008 0 0.158113883008
320.0 360.0 0.158113883008 0 0.158113883008
320.0 400.0 0.158113883008 0 0.158113883008
320.0 440.0 0.158113883008 0 0.158113883008
320.0 480.0 0.158113883008 0 0.158113883008
320.0 520.0 0.158113883008 0 0.158113883008
360.0 40.0 0.158113883008 0 0.158113883008
360.0 80.0 0.158113883008 0 0.158113883008
360.0 120.0 0.158113883008 0 0.158113883008
360.0 160.0 0.158113883008 0 0.158113883008
360.0 200.0 0.158113883008 0 0.158113883008
360.0 240.0 0.158113883008 0 0.158113883008
360.0 280.0 0.158113883008 0 0.158113883008
360.0 320.0 0.158113883008 0 0.158113883008
360.0 360.0 0.158113883008 0 0.158113883008
360.0 400.0 0.158113883008 0 0.158113883008
360.0 440.0 0.158113883008 0 0.158113883008
360.0 480.0 0.158113883008 0 0.158113883008
360.0 520.0 0.158113883008 0 0.158113883008
400.0 40.0 0.158113883008 0 0.158113883008
400.0 80.0 0.158113883008 0 0.158113883008
400.0 120.0 0.158113883008 0 0.158113883008
400.0 160.0 0.158113883008 0 0.158113883008
400.0 200.0 0.158113883008 0 0.158113883008
400.0 240.0 0.158113883008 0 0.158113883008
400.0 280.0 0.158113883008 0 0.158113883008
400.0 320.0 0.158113883008 0 0.158113883008
400.0 360.0 0.158113883008 0 0.158113883008
400.0 400.0 0.158113883008 0 0.158113883008
400.0 440.0 0.158113883008 0 0.158113883008
400.0 480.0 0.158113883008 0 0.158113883008
400.0 520.0 0.158113883008 0 0.158113883008
440.0 40.0 0.158113883008 0 0.158113883008
440.0 80.0 0.158113883008 0 0.158113883008
440.0 120.0 0.158113883008 0 0.158113883008
440.0 160.0 0.158113883008 0 0.158113883008
440.0 200.0 0.158113883008 0 0.158113883008
440.0 240.0 0.158113883008 0 0.158113883008
440.0 280.0 0.158113883008 0 0.158113883008
440.0 320.0 0.158113883008 0 0.158113883008
440.0 360.0 0.158113883008 0 0.158113883008
440.0 400.0 0.158113883008 0 0.158113883008
440.0 440.0 0.158113883008 0 0.158113883008
440.0 480.0 0.158113883008 0 0.158113883008
440.0 520.0 0.158113883008 0 0.158113883008
480.0 40.0 0.158113883008 0 0.158113883008
480.0 80.0 0.158113883008 0 0.158113883008
480.0 120.0 0.158113883008 0 0.158113883008
480.0 160.0 0.158113883008 0 0.158113883008
480.0 200.0 0.158113883008 0 0.158113883008
480.0 240.0 0.158113883008 0 0.158113883008
480.0 280.0 0.158113883008 0 0.158113883008
480.0 320.0 0.158113883008 0 0.158113883008
480.0 360.0 0.158113883008 0 0.158113883008
480.0 400.0 0.158113883008 0 0.158113883008
480.0 440.0 0.158113883008 0 0.158113883008
480.0 480.0 0.158113883008 0 0.158113883008
480.0 520.0 0.158113883008 0 0.158113883008
520.0 40.0 0.158113883008 0 0.158113883008
520.0 80.0 0.158113883008 0 0.158113883008
520.0 120.0 0.158113883008 0 0.158113883008
520.0 160.0 0.158113883008 0 0.158113883008
520.0 200.0 0.158113883008 0 0.158113883008
520.0 240.0 0.158113883008 0 0.158113883008
520.0 280.0 0.158113883008 0 0.158113883008
520.0 320.0 0.158113883008 0 0.158113883008
520.0 360.0 0.158113883008 0 0.158113883008
520.0 400.0 0.158113883008 0 0.158113883008
520.0 440.0 0.158113883008 0 0.158113883008
520.0 480.0 0.158113883008 0 0.158113883008
520.0 520.0 0.158113883008 0 0.158113883008
560.0 80.0 0.158113883008 0 0.158113883008
560.0 120.0 0.158113883008 0 0.158113883008
560.0 160.0 0.158113883008 0 0.158113883008
560.0 200.0 0.158113883008 0 0.158113883008
560.0 240.0 0.158113883008 0 0.158113883008
560.0 280.0 0.158113883008 0 0.158113883008
560.0 320.0 0.158113883008 0 0.158113883008
560.0 360.0 0.158113883008 0 0.158113883008
560.0 400.0 0.158113883008 0 0.158113883008
560.0 440.0 0.158113883008 0 0.158113883008
560.0 480.0 0.158113883008 0 0.158113883008
600.0 80.0 0.158113883008 0 0.158113883008
600.0 120.0 0.158113883008 0 0.158113883008
600.0 160.0 0.158113883008 0 0.158113883008
600.0 200.0 0.158113883008 0 0.158113883008
600.0 240.0 0.158113883008 0 0.158113883008
600.0 280.0 0.158113883008 0 0.158113883008
600.0 320.0 0.158113883008 0 0.158113883008
600.0 360.0 0.158113883008 0 0.158113883008
600.0 400.0 0.158113883008 0 0.158113883008
600.0 440.0 0.158113883008 0 0.158113883008
600.0 480.0 0.158113883008 0 0.158113883008
640.0 120.0 0.158113883008 0 0.158113883008
640.0 160.0 0.158113883008 0 0.158113883008
640.0 200.0 0.158113883008 0 0.158113883008
640.0 240.0 0.158113883008 0 0.158113883008
640.0 280.0 0.158113883008 0 0.158113883008
640.0 320.0 0.158113883008 0 0.158113883008
640.0 360.0 0.158113883008 0 0.158113883008
640.0 400.0 0.158113883008 0 0.158113883008
640.0 440.0 0.158113883008 0 0.158113883008
680.0 200.0 0.158113883008 0 0.158113883008
680.0 240.0 0.158113883008 0 0.158113883008
680.0 280.0 0.158113883008 0 0.158113883008
680.0 320.0 0.158113883008 0 0.158113883008
680.0 360.0 0.158113883008 0 0.158113883008
