1
131
65.0 120.0 0.158113883008 0 0.158113883008
65.0 160.0 0.158113883008 0 0.158113883008
65.0 200.0 0.158113883008 0 0.158113883008
65.0 240.0 0.158113883008 0 0.158113883008
65.0 280.0 0.158113883008 0 0.158113883008
65.0 320.0 0.158113883008 0 0.158113883008
65.0 360.0 0.158113883008 0 0.158113883008
105.0 80.0 0.158113883008 0 0.158113883008
105.0 120.0 0.158113883008 0 0.158113883008
105.0 160.0 0.158113883008 0 0.158113883008
105.0 200.0 0.158113883008 0 0.158113883008
105.0 240.0 0.158113883008 0 0.158113883008
105.0 280.0 0.158113883008 0 0.158113883008
105.0 320.0 0.158113883008 0 0.158113883008
105.0 360.0 0.158113883008 0 0.158113883008
105.0 400.0 0.158113883008 0 0.158113883008
145.0 40.0 0.158113883008 0 0.158113883008
145.0 80.0 0.158113883008 0 0.158113883008
145.0 120.0 0.158113883008 0 0.158113883008
145.0 160.0 0.158113883008 0 0.158113883008
145.0 200.0 0.158113883008 0 0.158113883008
145.0 240.0 0.158113883008 0 0.158113883008
145.0 280.0 0.158113883008 0 0.158113883008
145.0 320.0 0.158113883008 0 0.158113883008
145.0 360.0 0.158113883008 0 0.158113883008
145.0 400.0 0.158113883008 0 0.158113883008
145.0 440.0 0.158113883008 0 0.158113883008
185.0 40.0 0.158113883008 0 0.158113883008
185.0 80.0 0.158113883008 0 0.158113883008
185.0 120.0 0.158113883008 0 0.158113883008
185.0 160.0 0.158113883008 0 0.158113883008
185.0 200.0 0.158113883008 0 0.158113883008
185.0 240.0 0.158113883008 0 0.158113883008
185.0 280.0 0.158113883008 0 0.158113883008
185.0 320.0 0.158113883008 0 0.158113883008
185.0 360.0 0.158113883008 0 0.158113883008
185.0 400.0 0.158113883008 0 0.158113883008
185.0 440.0 0.158113883008 0 0.158113883008
225.0 40.0 0.158113883008 0 0.158113883008
225.0 80.0 0.158113883008 0 0.158113883008
225.0 120.0 0.158113883008 0 0.158113883008
225.0 160.0 0.158113883008 0 0.158113883008
225.0 200.0 0.158113883008 0 0.158113883008
225.0 240.0 0.158113883008 0 0.158113883008
225.0 280.0 0.158113883008 0 0.158113883008
225.0 320.0 0.158113883008 0 0.158113883008
225.0 360.0 0.158113883008 0 0.158113883008
225.0 400.0 0.158113883008 0 0.158113883008
225.0 440.0 0.158113883008 0 0.158113883008
265.0 40.0 0.158113883008 0 0.158113883008
265.0 80.0 0.158113883008 0 0.158113883008
265.0 120.0 0.158113883008 0 0.158113883008
265.0 160.0 0.158113883008 0 0.158113883008
265.0 200.0 0.158113883008 0 0.158113883008
265.0 240.0 0.158113883008 0 0.158113883008
265.0 280.0 0.158113883008 0 0.158113883008
265.0 320.0 0.158113883008 0 0.158113883008
265.0 360.0 0.158113883008 0 0.158113883008
265.0 400.0 0.158113883008 0 0.158113883008
265.0 440.0 0.158113883008 0 0.158113883008
305.0 40.0 0.158113883008 0 0.158113883008
305.0 80.0 0.158113883008 0 0.158113883008
305.0 120.0 0.158113883008 0 0.158113883008
305.0 160.0 0.158113883008 0 0.158113883008
305.0 200.0 0.158113883008 0 0.158113883008
305.0 240.0 0.158113883008 0 0.158113883008
305.0 280.0 0.158113883008 0 0.158113883008
305.0 320.0 0.158113883008 0 0.158113883008
305.0 360.0 0.158113883008 0 0.158113883008
305.0 400.0 0.158113883008 0 0.158113883008
305.0 440.0 0.158113883008 0 0.158113883008
345.0 40.0 0.158113883008 0 0.158113883008
345.0 80.0 0.158113883008 0 0.158113883008
345.0 120.0 0.158113883008 0 0.158113883008
345.0 160.0 0.158113883008 0 0.158113883008
345.0 200.0 0.158113883008 0 0.158113883008
345.0 240.0 0.158113883008 0 0.158113883008
345.0 280.0 0.158113883008 0 0.158113883008
345.0 320.0 0.158113883008 0 0.158113883008
345.0 360.0 0.158113883008 0 0.158113883008
345.0 400.0 0.158113883008 0 0.158113883008
345.0 440.0 0.158113883008 0 0.158113883008
385.0 40.0 0.158113883008 0 0.158113883008
385.0 80.0 0.158113883008 0 0.158113883008
385.0 120.0 0.158113883008 0 0.158113883008
385.0 160.0 0.158113883008 0 0.158113883008
385.0 200.0 0.158113883008 0 0.158113883008
385.0 240.0 0.158113883008 0 0.158113883008
385.0 280.0 0.158113883008 0 0.158113883008
385.0 320.0 0.158113883008 0 0.158113883008
385.0 360.0 0.158113883008 0 0.158113883008
385.0 400.0 0.158113883008 0 0.158113883008
385.0 440.0 0.158113883008 0 0.158113883008
425.0 40.0 0.158113883008 0 0.158113883008
425.0 80.0 0.158113883008 0 0.158113883008
425.0 120.0 0.158113883008 0 0.158113883008
425.0 160.0 0.158113883008 0 0.158113883008
425.0 200.0 0.158113883008 0 0.158113883008
425.0 240.0 0.158113883008 0 0.158113883008
425.0 280.0 0.158113883008 0 0.158113883008
425.0 320.0 0.158113883008 0 0.158113883008
425.0 360.0 0.158113883008 0 0.158113883008
425.0 400.0 0.158113883008 0 0.158113883008
425.0 440.0 0.158113883008 0 0.158113883008
465.0 40.0 0.158113883008 0 0.158113883008
465.0 80.0 0.158113883008 0 0.158113883008
465.0 120.0 0.158113883008 0 0.158113883008
465.0 160.0 0.158113883008 0 0.158113883008
465.0 200.0 0.158113883008 0 0.158113883008
465.0 240.0 0.158113883008 0 0.158113883008
465.0 280.0 0.158113883008 0 0.158113883008
465.0 320.0 0.158113883008 0 0.158113883008
465.0 360.0 0.158113883008 0 0.158113883008
465.0 400.0 0.158113883008 0 0.158113883008
465.0 440.0 0.158113883008 0 0.158113883008
505.0 80.0 0.158113883008 0 0.158113883008
505.0 120.0 0.158113883008 0 0.158113883008
505.0 160.0 0.158113883008 0 0.158113883008
505.0 200.0 0.158113883008 0 0.158113883008
505.0 240.0 0.158113883008 0 0.158113883008
505.0 280.0 0.158113883008 0 0.158113883008
505.0 320.0 0.158113883008 0 0.158113883008
505.0 360.0 0.158113883008 0 0.158113883008
505.0 400.0 0.158113883008 0 0.158113883008
545.0 120.0 0.158113883008 0 0.158113883008
545.0 160.0 0.158113883008 0 0.158113883008
545.0 200.0 0.158113883008 0 0.158113883008
545.0 240.0 0.158113883008 0 0.158113883008
545.0 280.0 0.158113883008 0 0.158113883008
545.0 320.0 0.158113883008 0 0.158113883008
545.0 360.0 0.158113883008 0 0.158113883008
