1
346
35.0 200.0 0.2 0 0.2
35.0 225.0 0.2 0 0.2
35.0 250.0 0.2 0 0.2
35.0 275.0 0.2 0 0.2
60.0 125.0 0.2 0 0.2
60.0 150.0 0.2 0 0.2
60.0 175.0 0.2 0 0.2
60.0 200.0 0.2 0 0.2
60.0 225.0 0.2 0 0.2
60.0 250.0 0.2 0 0.2
60.0 275.0 0.2 0 0.2
60.0 300.0 0.2 0 0.2
60.0 325.0 0.2 0 0.2
60.0 350.0 0.2 0 0.2
85.0 75.0 0.2 0 0.2
85.0 100.0 0.2 0 0.2
85.0 125.0 0.2 0 0.2
85.0 150.0 0.2 0 0.2
85.0 175.0 0.2 0 0.2
85.0 200.0 0.2 0 0.2
85.0 225.0 0.2 0 0.2
85.0 250.0 0.2 0 0.2
85.0 275.0 0.2 0 0.2
85.0 300.0 0.2 0 0.2
85.0 325.0 0.2 0 0.2
85.0 350.0 0.2 0 0.2
85.0 375.0 0.2 0 0.2
85.0 400.0 0.2 0 0.2
110.0 50.0 0.2 0 0.2
110.0 75.0 0.2 0 0.2
110.0 100.0 0.2 0 0.2
110.0 125.0 0.2 0 0.2
110.0 150.0 0.2 0 0.2
110.0 175.0 0.2 0 0.2
110.0 200.0 0.2 0 0.2
110.0 225.0 0.2 0 0.2
110.0 250.0 0.2 0 0.2
110.0 275.0 0.2 0 0.2
110.0 300.0 0.2 0 0.2
110.0 325.0 0.2 0 0.2
110.0 350.0 0.2 0 0.2
110.0 375.0 0.2 0 0.2
110.0 400.0 0.2 0 0.2
110.0 425.0 0.2 0 0.2
135.0 25.0 0.2 0 0.2
135.0 50.0 0.2 0 0.2
135.0 75.0 0.2 0 0.2
135.0 100.0 0.2 0 0.2
135.0 125.0 0.2 0 0.2
135.0 150.0 0.2 0 0.2
135.0 175.0 0.2 0 0.2
135.0 200.0 0.2 0 0.2
135.0 225.0 0.2 0 0.2
135.0 250.0 0.2 0 0.2
135.0 275.0 0.2 0 0.2
135.0 300.0 0.2 0 0.2
135.0 325.0 0.2 0 0.2
135.0 350.0 0.2 0 0.2
135.0 375.0 0.2 0 0.2
135.0 400.0 0.2 0 0.2
135.0 425.0 0.2 0 0.2
135.0 450.0 0.2 0 0.2
160.0 25.0 0.2 0 0.2
160.0 50.0 0.2 0 0.2
160.0 75.0 0.2 0 0.2
160.0 100.0 0.2 0 0.2
160.0 125.0 0.2 0 0.2
160.0 150.0 0.2 0 0.2
160.0 175.0 0.2 0 0.2
160.0 200.0 0.2 0 0.2
160.0 225.0 0.2 0 0.2
160.0 250.0 0.2 0 0.2
160.0 275.0 0.2 0 0.2
160.0 300.0 0.2 0 0.2
160.0 325.0 0.2 0 0.2
160.0 350.0 0.2 0 0.2
160.0 375.0 0.2 0 0.2
160.0 400.0 0.2 0 0.2
160.0 425.0 0.2 0 0.2
160.0 450.0 0.2 0 0.2
185.0 25.0 0.2 0 0.2
185.0 50.0 0.2 0 0.2
185.0 75.0 0.2 0 0.2
185.0 100.0 0.2 0 0.2
185.0 125.0 0.2 0 0.2
185.0 150.0 0.2 0 0.2
185.0 175.0 0.2 0 0.2
185.0 200.0 0.2 0 0.2
185.0 225.0 0.2 0 0.2
185.0 250.0 0.2 0 0.2
185.0 275.0 0.2 0 0.2
185.0 300.0 0.2 0 0.2
185.0 325.0 0.2 0 0.2
185.0 350.0 0.2 0 0.2
185.0 375.0 0.2 0 0.2
185.0 400.0 0.2 0 0.2
185.0 425.0 0.2 0 0.2
185.0 450.0 0.2 0 0.2
210.0 25.0 0.2 0 0.2
210.0 50.0 0.2 0 0.2
210.0 75.0 0.2 0 0.2
210.0 100.0 0.2 0 0.2
210.0 125.0 0.2 0 0.2
210.0 150.0 0.2 0 0.2
210.0 175.0 0.2 0 0.2
210.0 200.0 0.2 0 0.2
210.0 225.0 0.2 0 0.2
210.0 250.0 0.2 0 0.2
210.0 275.0 0.2 0 0.2
210.0 300.0 0.2 0 0.2
210.0 325.0 0.2 0 0.2
210.0 350.0 0.2 0 0.2
210.0 375.0 0.2 0 0.2
210.0 400.0 0.2 0 0.2
210.0 425.0 0.2 0 0.2
210.0 450.0 0.2 0 0.2
235.0 25.0 0.2 0 0.2
235.0 50.0 0.2 0 0.2
235.0 75.0 0.2 0 0.2
235.0 100.0 0.2 0 0.2
235.0 125.0 0.2 0 0.2
235.0 150.0 0.2 0 0.2
235.0 175.0 0.2 0 0.2
235.0 200.0 0.2 0 0.2
235.0 225.0 0.2 0 0.2
235.0 250.0 0.2 0 0.2
235.0 275.0 0.2 0 0.2
235.0 300.0 0.2 0 0.2
235.0 325.0 0.2 0 0.2
235.0 350.0 0.2 0 0.2
235.0 375.0 0.2 0 0.2
235.0 400.0 0.2 0 0.2
235.0 425.0 0.2 0 0.2
235.0 450.0 0.2 0 0.2
260.0 25.0 0.2 0 0.2
260.0 50.0 0.2 0 0.2
260.0 75.0 0.2 0 0.2
260.0 100.0 0.2 0 0.2
260.0 125.0 0.2 0 0.2
260.0 150.0 0.2 0 0.2
260.0 175.0 0.2 0 0.2
260.0 200.0 0.2 0 0.2
260.0 225.0 0.2 0 0.2
260.0 250.0 0.2 0 0.2
260.0 275.0 0.2 0 0.2
260.0 300.0 0.2 0 0.2
260.0 325.0 0.2 0 0.2
260.0 350.0 0.2 0 0.2
260.0 375.0 0.2 0 0.2
260.0 400.0 0.2 0 0.2
260.0 425.0 0.2 0 0.2
260.0 450.0 0.2 0 0.2
285.0 25.0 0.2 0 0.2
285.0 50.0 0.2 0 0.2
285.0 75.0 0.2 0 0.2
285.0 100.0 0.2 0 0.2
285.0 125.0 0.2 0 0.2
285.0 150.0 0.2 0 0.2
285.0 175.0 0.2 0 0.2
285.0 200.0 0.2 0 0.2
285.0 225.0 0.2 0 0.2
285.0 250.0 0.2 0 0.2
285.0 275.0 0.2 0 0.2
285.0 300.0 0.2 0 0.2
285.0 325.0 0.2 0 0.2
285.0 350.0 0.2 0 0.2
285.0 375.0 0.2 0 0.2
285.0 400.0 0.2 0 0.2
285.0 425.0 0.2 0 0.2
285.0 450.0 0.2 0 0.2
310.0 25.0 0.2 0 0.2
310.0 50.0 0.2 0 0.2
310.0 75.0 0.2 0 0.2
310.0 100.0 0.2 0 0.2
310.0 125.0 0.2 0 0.2
310.0 150.0 0.2 0 0.2
310.0 175.0 0.2 0 0.2
310.0 200.0 0.2 0 0.2
310.0 225.0 0.2 0 0.2
310.0 250.0 0.2 0 0.2
310.0 275.0 0.2 0 0.2
310.0 300.0 0.2 0 0.2
310.0 325.0 0.2 0 0.2
310.0 350.0 0.2 0 0.2
310.0 375.0 0.2 0 0.2
310.0 400.0 0.2 0 0.2
310.0 425.0 0.2 0 0.2
310.0 450.0 0.2 0 0.2
335.0 25.0 0.2 0 0.2
335.0 50.0 0.2 0 0.2
335.0 75.0 0.2 0 0.2
335.0 100.0 0.2 0 0.2
335.0 125.0 0.2 0 0.2
335.0 150.0 0.2 0 0.2
335.0 175.0 0.2 0 0.2
335.0 200.0 0.2 0 0.2
335.0 225.0 0.2 0 0.2
335.0 250.0 0.2 0 0.2
335.0 275.0 0.2 0 0.2
335.0 300.0 0.2 0 0.2
335.0 325.0 0.2 0 0.2
335.0 350.0 0.2 0 0.2
335.0 375.0 0.2 0 0.2
335.0 400.0 0.2 0 0.2
335.0 425.0 0.2 0 0.2
335.0 450.0 0.2 0 0.2
360.0 25.0 0.2 0 0.2
360.0 50.0 0.2 0 0.2
360.0 75.0 0.2 0 0.2
360.0 100.0 0.2 0 0.2
360.0 125.0 0.2 0 0.2
360.0 150.0 0.2 0 0.2
360.0 175.0 0.2 0 0.2
360.0 200.0 0.2 0 0.2
360.0 225.0 0.2 0 0.2
360.0 250.0 0.2 0 0.2
360.0 275.0 0.2 0 0.2
360.0 300.0 0.2 0 0.2
360.0 325.0 0.2 0 0.2
360.0 350.0 0.2 0 0.2
360.0 375.0 0.2 0 0.2
360.0 400.0 0.2 0 0.2
360.0 425.0 0.2 0 0.2
360.0 450.0 0.2 0 0.2
385.0 25.0 0.2 0 0.2
385.0 50.0 0.2 0 0.2
385.0 75.0 0.2 0 0.2
385.0 100.0 0.2 0 0.2
385.0 125.0 0.2 0 0.2
385.0 150.0 0.2 0 0.2
385.0 175.0 0.2 0 0.2
385.0 200.0 0.2 0 0.2
385.0 225.0 0.2 0 0.2
385.0 250.0 0.2 0 0.2
385.0 275.0 0.2 0 0.2
385.0 300.0 0.2 0 0.2
385.0 325.0 0.2 0 0.2
385.0 350.0 0.2 0 0.2
385.0 375.0 0.2 0 0.2
385.0 400.0 0.2 0 0.2
385.0 425.0 0.2 0 0.2
385.0 450.0 0.2 0 0.2
410.0 25.0 0.2 0 0.2
410.0 50.0 0.2 0 0.2
410.0 75.0 0.2 0 0.2
410.0 100.0 0.2 0 0.2
410.0 125.0 0.2 0 0.2
410.0 150.0 0.2 0 0.2
410.0 175.0 0.2 0 0.2
410.0 200.0 0.2 0 0.2
410.0 225.0 0.2 0 0.2
410.0 250.0 0.2 0 0.2
410.0 275.0 0.2 0 0.2
410.0 300.0 0.2 0 0.2
410.0 325.0 0.2 0 0.2
410.0 350.0 0.2 0 0.2
410.0 375.0 0.2 0 0.2
410.0 400.0 0.2 0 0.2
410.0 425.0 0.2 0 0.2
410.0 450.0 0.2 0 0.2
435.0 25.0 0.2 0 0.2
435.0 50.0 0.2 0 0.2
435.0 75.0 0.2 0 0.2
435.0 100.0 0.2 0 0.2
435.0 125.0 0.2 0 0.2
435.0 150.0 0.2 0 0.2
435.0 175.0 0.2 0 0.2
435.0 200.0 0.2 0 0.2
435.0 225.0 0.2 0 0.2
435.0 250.0 0.2 0 0.2
435.0 275.0 0.2 0 0.2
435.0 300.0 0.2 0 0.2
435.0 325.0 0.2 0 0.2
435.0 350.0 0.2 0 0.2
435.0 375.0 0.2 0 0.2
435.0 400.0 0.2 0 0.2
435.0 425.0 0.2 0 0.2
435.0 450.0 0.2 0 0.2
460.0 25.0 0.2 0 0.2
460.0 50.0 0.2 0 0.2
460.0 75.0 0.2 0 0.2
460.0 100.0 0.2 0 0.2
460.0 125.0 0.2 0 0.2
460.0 150.0 0.2 0 0.2
460.0 175.0 0.2 0 0.2
460.0 200.0 0.2 0 0.2
460.0 225.0 0.2 0 0.2
460.0 250.0 0.2 0 0.2
460.0 275.0 0.2 0 0.2
460.0 300.0 0.2 0 0.2
460.0 325.0 0.2 0 0.2
460.0 350.0 0.2 0 0.2
460.0 375.0 0.2 0 0.2
460.0 400.0 0.2 0 0.2
460.0 425.0 0.2 0 0.2
460.0 450.0 0.2 0 0.2
485.0 50.0 0.2 0 0.2
485.0 75.0 0.2 0 0.2
485.0 100.0 0.2 0 0.2
485.0 125.0 0.2 0 0.2
485.0 150.0 0.2 0 0.2
485.0 175.0 0.2 0 0.2
485.0 200.0 0.2 0 0.2
485.0 225.0 0.2 0 0.2
485.0 250.0 0.2 0 0.2
485.0 275.0 0.2 0 0.2
485.0 300.0 0.2 0 0.2
485.0 325.0 0.2 0 0.2
485.0 350.0 0.2 0 0.2
485.0 375.0 0.2 0 0.2
485.0 400.0 0.2 0 0.2
485.0 425.0 0.2 0 0.2
510.0 75.0 0.2 0 0.2
510.0 100.0 0.2 0 0.2
510.0 125.0 0.2 0 0.2
510.0 150.0 0.2 0 0.2
510.0 175.0 0.2 0 0.2
510.0 200.0 0.2 0 0.2
510.0 225.0 0.2 0 0.2
510.0 250.0 0.2 0 0.2
510.0 275.0 0.2 0 0.2
510.0 300.0 0.2 0 0.2
510.0 325.0 0.2 0 0.2
510.0 350.0 0.2 0 0.2
510.0 375.0 0.2 0 0.2
510.0 400.0 0.2 0 0.2
535.0 100.0 0.2 0 0.2
535.0 125.0 0.2 0 0.2
535.0 150.0 0.2 0 0.2
535.0 175.0 0.2 0 0.2
535.0 200.0 0.2 0 0.2
535.0 225.0 0.2 0 0.2
535.0 250.0 0.2 0 0.2
535.0 275.0 0.2 0 0.2
535.0 300.0 0.2 0 0.2
535.0 325.0 0.2 0 0.2
535.0 350.0 0.2 0 0.2
535.0 375.0 0.2 0 0.2
560.0 150.0 0.2 0 0.2
560.0 175.0 0.2 0 0.2
560.0 200.0 0.2 0 0.2
560.0 225.0 0.2 0 0.2
560.0 250.0 0.2 0 0.2
560.0 275.0 0.2 0 0.2
560.0 300.0 0.2 0 0.2
560.0 325.0 0.2 0 0.2
