1
918
31.5 217.0 0.254000254 0 0.254000254
31.5 232.5 0.254000254 0 0.254000254
31.5 248.0 0.254000254 0 0.254000254
31.5 263.5 0.254000254 0 0.254000254
47.0 155.0 0.254000254 0 0.254000254
47.0 170.5 0.254000254 0 0.254000254
47.0 186.0 0.254000254 0 0.254000254
47.0 201.5 0.254000254 0 0.254000254
47.0 217.0 0.254000254 0 0.254000254
47.0 232.5 0.254000254 0 0.254000254
47.0 248.0 0.254000254 0 0.254000254
47.0 263.5 0.254000254 0 0.254000254
47.0 279.0 0.254000254 0 0.254000254
47.0 294.5 0.254000254 0 0.254000254
47.0 310.0 0.254000254 0 0.254000254
47.0 325.5 0.254000254 0 0.254000254
62.5 124.0 0.254000254 0 0.254000254
62.5 139.5 0.254000254 0 0.254000254
62.5 155.0 0.254000254 0 0.254000254
62.5 170.5 0.254000254 0 0.254000254
62.5 186.0 0.254000254 0 0.254000254
62.5 201.5 0.254000254 0 0.254000254
62.5 217.0 0.254000254 0 0.254000254
62.5 232.5 0.254000254 0 0.254000254
62.5 248.0 0.254000254 0 0.254000254
62.5 263.5 0.254000254 0 0.254000254
62.5 279.0 0.254000254 0 0.254000254
62.5 294.5 0.254000254 0 0.254000254
62.5 310.0 0.254000254 0 0.254000254
62.5 325.5 0.254000254 0 0.254000254
62.5 341.0 0.254000254 0 0.254000254
62.5 356.5 0.254000254 0 0.254000254
78.0 93.0 0.254000254 0 0.254000254
78.0 108.5 0.254000254 0 0.254000254
78.0 124.0 0.254000254 0 0.254000254
78.0 139.5 0.254000254 0 0.254000254
78.0 155.0 0.254000254 0 0.254000254
78.0 170.5 0.254000254 0 0.254000254
78.0 186.0 0.254000254 0 0.254000254
78.0 201.5 0.254000254 0 0.254000254
78.0 217.0 0.254000254 0 0.254000254
78.0 232.5 0.254000254 0 0.254000254
78.0 248.0 0.254000254 0 0.254000254
78.0 263.5 0.254000254 0 0.254000254
78.0 279.0 0.254000254 0 0.254000254
78.0 294.5 0.254000254 0 0.254000254
78.0 310.0 0.254000254 0 0.254000254
78.0 325.5 0.254000254 0 0.254000254
78.0 341.0 0.254000254 0 0.254000254
78.0 356.5 0.254000254 0 0.254000254
78.0 372.0 0.254000254 0 0.254000254
78.0 387.5 0.254000254 0 0.254000254
93.5 77.5 0.254000254 0 0.254000254
93.5 93.0 0.254000254 0 0.254000254
93.5 108.5 0.254000254 0 0.254000254
93.5 124.0 0.254000254 0 0.254000254
93.5 139.5 0.254000254 0 0.254000254
93.5 155.0 0.254000254 0 0.254000254
93.5 170.5 0.254000254 0 0.254000254
93.5 186.0 0.254000254 0 0.254000254
93.5 201.5 0.254000254 0 0.254000254
93.5 217.0 0.254000254 0 0.254000254
93.5 232.5 0.254000254 0 0.254000254
93.5 248.0 0.254000254 0 0.254000254
93.5 263.5 0.254000254 0 0.254000254
93.5 279.0 0.254000254 0 0.254000254
93.5 294.5 0.254000254 0 0.254000254
93.5 310.0 0.254000254 0 0.254000254
93.5 325.5 0.254000254 0 0.254000254
93.5 341.0 0.254000254 0 0.254000254
93.5 356.5 0.254000254 0 0.254000254
93.5 372.0 0.254000254 0 0.254000254
93.5 387.5 0.254000254 0 0.254000254
93.5 403.0 0.254000254 0 0.254000254
109.0 62.0 0.254000254 0 0.254000254
109.0 77.5 0.254000254 0 0.254000254
109.0 93.0 0.254000254 0 0.254000254
109.0 108.5 0.254000254 0 0.254000254
109.0 124.0 0.254000254 0 0.254000254
109.0 139.5 0.254000254 0 0.254000254
109.0 155.0 0.254000254 0 0.254000254
109.0 170.5 0.254000254 0 0.254000254
109.0 186.0 0.254000254 0 0.254000254
109.0 201.5 0.254000254 0 0.254000254
109.0 217.0 0.254000254 0 0.254000254
109.0 232.5 0.254000254 0 0.254000254
109.0 248.0 0.254000254 0 0.254000254
109.0 263.5 0.254000254 0 0.254000254
109.0 279.0 0.254000254 0 0.254000254
109.0 294.5 0.254000254 0 0.254000254
109.0 310.0 0.254000254 0 0.254000254
109.0 325.5 0.254000254 0 0.254000254
109.0 341.0 0.254000254 0 0.254000254
109.0 356.5 0.254000254 0 0.254000254
109.0 372.0 0.254000254 0 0.254000254
109.0 387.5 0.254000254 0 0.254000254
109.0 403.0 0.254000254 0 0.254000254
109.0 418.5 0.254000254 0 0.254000254
124.5 46.5 0.254000254 0 0.254000254
124.5 62.0 0.254000254 0 0.254000254
124.5 77.5 0.254000254 0 0.254000254
124.5 93.0 0.254000254 0 0.254000254
124.5 108.5 0.254000254 0 0.254000254
124.5 124.0 0.254000254 0 0.254000254
124.5 139.5 0.254000254 0 0.254000254
124.5 155.0 0.254000254 0 0.254000254
124.5 170.5 0.254000254 0 0.254000254
124.5 186.0 0.254000254 0 0.254000254
124.5 201.5 0.254000254 0 0.254000254
124.5 217.0 0.254000254 0 0.254000254
124.5 232.5 0.254000254 0 0.254000254
124.5 248.0 0.254000254 0 0.254000254
124.5 263.5 0.254000254 0 0.254000254
124.5 279.0 0.254000254 0 0.254000254
124.5 294.5 0.254000254 0 0.254000254
124.5 310.0 0.254000254 0 0.254000254
124.5 325.5 0.254000254 0 0.254000254
124.5 341.0 0.254000254 0 0.254000254
124.5 356.5 0.254000254 0 0.254000254
124.5 372.0 0.254000254 0 0.254000254
124.5 387.5 0.254000254 0 0.254000254
124.5 403.0 0.254000254 0 0.254000254
124.5 418.5 0.254000254 0 0.254000254
124.5 434.0 0.254000254 0 0.254000254
140.0 31.0 0.254000254 0 0.254000254
140.0 46.5 0.254000254 0 0.254000254
140.0 62.0 0.254000254 0 0.254000254
140.0 77.5 0.254000254 0 0.254000254
140.0 93.0 0.254000254 0 0.254000254
140.0 108.5 0.254000254 0 0.254000254
140.0 124.0 0.254000254 0 0.254000254
140.0 139.5 0.254000254 0 0.254000254
140.0 155.0 0.254000254 0 0.254000254
140.0 170.5 0.254000254 0 0.254000254
140.0 186.0 0.254000254 0 0.254000254
140.0 201.5 0.254000254 0 0.254000254
140.0 217.0 0.254000254 0 0.254000254
140.0 232.5 0.254000254 0 0.254000254
140.0 248.0 0.254000254 0 0.254000254
140.0 263.5 0.254000254 0 0.254000254
140.0 279.0 0.254000254 0 0.254000254
140.0 294.5 0.254000254 0 0.254000254
140.0 310.0 0.254000254 0 0.254000254
140.0 325.5 0.254000254 0 0.254000254
140.0 341.0 0.254000254 0 0.254000254
140.0 356.5 0.254000254 0 0.254000254
140.0 372.0 0.254000254 0 0.254000254
140.0 387.5 0.254000254 0 0.254000254
140.0 403.0 0.254000254 0 0.254000254
140.0 418.5 0.254000254 0 0.254000254
140.0 434.0 0.254000254 0 0.254000254
140.0 449.5 0.254000254 0 0.254000254
155.5 15.5 0.254000254 0 0.254000254
155.5 31.0 0.254000254 0 0.254000254
155.5 46.5 0.254000254 0 0.254000254
155.5 62.0 0.254000254 0 0.254000254
155.5 77.5 0.254000254 0 0.254000254
155.5 93.0 0.254000254 0 0.254000254
155.5 108.5 0.254000254 0 0.254000254
155.5 124.0 0.254000254 0 0.254000254
155.5 139.5 0.254000254 0 0.254000254
155.5 155.0 0.254000254 0 0.254000254
155.5 170.5 0.254000254 0 0.254000254
155.5 186.0 0.254000254 0 0.254000254
155.5 201.5 0.254000254 0 0.254000254
155.5 217.0 0.254000254 0 0.254000254
155.5 232.5 0.254000254 0 0.254000254
155.5 248.0 0.254000254 0 0.254000254
155.5 263.5 0.254000254 0 0.254000254
155.5 279.0 0.254000254 0 0.254000254
155.5 294.5 0.254000254 0 0.254000254
155.5 310.0 0.254000254 0 0.254000254
155.5 325.5 0.254000254 0 0.254000254
155.5 341.0 0.254000254 0 0.254000254
155.5 356.5 0.254000254 0 0.254000254
155.5 372.0 0.254000254 0 0.254000254
155.5 387.5 0.254000254 0 0.254000254
155.5 403.0 0.254000254 0 0.254000254
155.5 418.5 0.254000254 0 0.254000254
155.5 434.0 0.254000254 0 0.254000254
155.5 449.5 0.254000254 0 0.254000254
155.5 465.0 0.254000254 0 0.254000254
171.0 15.5 0.254000254 0 0.254000254
171.0 31.0 0.254000254 0 0.254000254
171.0 46.5 0.254000254 0 0.254000254
171.0 62.0 0.254000254 0 0.254000254
171.0 77.5 0.254000254 0 0.254000254
171.0 93.0 0.254000254 0 0.254000254
171.0 108.5 0.254000254 0 0.254000254
171.0 124.0 0.254000254 0 0.254000254
171.0 139.5 0.254000254 0 0.254000254
171.0 155.0 0.254000254 0 0.254000254
171.0 170.5 0.254000254 0 0.254000254
171.0 186.0 0.254000254 0 0.254000254
171.0 201.5 0.254000254 0 0.254000254
171.0 217.0 0.254000254 0 0.254000254
171.0 232.5 0.254000254 0 0.254000254
171.0 248.0 0.254000254 0 0.254000254
171.0 263.5 0.254000254 0 0.254000254
171.0 279.0 0.254000254 0 0.254000254
171.0 294.5 0.254000254 0 0.254000254
171.0 310.0 0.254000254 0 0.254000254
171.0 325.5 0.254000254 0 0.254000254
171.0 341.0 0.254000254 0 0.254000254
171.0 356.5 0.254000254 0 0.254000254
171.0 372.0 0.254000254 0 0.254000254
171.0 387.5 0.254000254 0 0.254000254
171.0 403.0 0.254000254 0 0.254000254
171.0 418.5 0.254000254 0 0.254000254
171.0 434.0 0.254000254 0 0.254000254
171.0 449.5 0.254000254 0 0.254000254
171.0 465.0 0.254000254 0 0.254000254
186.5 15.5 0.254000254 0 0.254000254
186.5 31.0 0.254000254 0 0.254000254
186.5 46.5 0.254000254 0 0.254000254
186.5 62.0 0.254000254 0 0.254000254
186.5 77.5 0.254000254 0 0.254000254
186.5 93.0 0.254000254 0 0.254000254
186.5 108.5 0.254000254 0 0.254000254
186.5 124.0 0.254000254 0 0.254000254
186.5 139.5 0.254000254 0 0.254000254
186.5 155.0 0.254000254 0 0.254000254
186.5 170.5 0.254000254 0 0.254000254
186.5 186.0 0.254000254 0 0.254000254
186.5 201.5 0.254000254 0 0.254000254
186.5 217.0 0.254000254 0 0.254000254
186.5 232.5 0.254000254 0 0.254000254
186.5 248.0 0.254000254 0 0.254000254
186.5 263.5 0.254000254 0 0.254000254
186.5 279.0 0.254000254 0 0.254000254
186.5 294.5 0.254000254 0 0.254000254
186.5 310.0 0.254000254 0 0.254000254
186.5 325.5 0.254000254 0 0.254000254
186.5 341.0 0.254000254 0 0.254000254
186.5 356.5 0.254000254 0 0.254000254
186.5 372.0 0.254000254 0 0.254000254
186.5 387.5 0.254000254 0 0.254000254
186.5 403.0 0.254000254 0 0.254000254
186.5 418.5 0.254000254 0 0.254000254
186.5 434.0 0.254000254 0 0.254000254
186.5 449.5 0.254000254 0 0.254000254
186.5 465.0 0.254000254 0 0.254000254
202.0 15.5 0.254000254 0 0.254000254
202.0 31.0 0.254000254 0 0.254000254
202.0 46.5 0.254000254 0 0.254000254
202.0 62.0 0.254000254 0 0.254000254
202.0 77.5 0.254000254 0 0.254000254
202.0 93.0 0.254000254 0 0.254000254
202.0 108.5 0.254000254 0 0.254000254
202.0 124.0 0.254000254 0 0.254000254
202.0 139.5 0.254000254 0 0.254000254
202.0 155.0 0.254000254 0 0.254000254
202.0 170.5 0.254000254 0 0.254000254
202.0 186.0 0.254000254 0 0.254000254
202.0 201.5 0.254000254 0 0.254000254
202.0 217.0 0.254000254 0 0.254000254
202.0 232.5 0.254000254 0 0.254000254
202.0 248.0 0.254000254 0 0.254000254
202.0 263.5 0.254000254 0 0.254000254
202.0 279.0 0.254000254 0 0.254000254
202.0 294.5 0.254000254 0 0.254000254
202.0 310.0 0.254000254 0 0.254000254
202.0 325.5 0.254000254 0 0.254000254
202.0 341.0 0.254000254 0 0.254000254
202.0 356.5 0.254000254 0 0.254000254
202.0 372.0 0.254000254 0 0.254000254
202.0 387.5 0.254000254 0 0.254000254
202.0 403.0 0.254000254 0 0.254000254
202.0 418.5 0.254000254 0 0.254000254
202.0 434.0 0.254000254 0 0.254000254
202.0 449.5 0.254000254 0 0.254000254
202.0 465.0 0.254000254 0 0.254000254
217.5 15.5 0.254000254 0 0.254000254
217.5 31.0 0.254000254 0 0.254000254
217.5 46.5 0.254000254 0 0.254000254
217.5 62.0 0.254000254 0 0.254000254
217.5 77.5 0.254000254 0 0.254000254
217.5 93.0 0.254000254 0 0.254000254
217.5 108.5 0.254000254 0 0.254000254
217.5 124.0 0.254000254 0 0.254000254
217.5 139.5 0.254000254 0 0.254000254
217.5 155.0 0.254000254 0 0.254000254
217.5 170.5 0.254000254 0 0.254000254
217.5 186.0 0.254000254 0 0.254000254
217.5 201.5 0.254000254 0 0.254000254
217.5 217.0 0.254000254 0 0.254000254
217.5 232.5 0.254000254 0 0.254000254
217.5 248.0 0.254000254 0 0.254000254
217.5 263.5 0.254000254 0 0.254000254
217.5 279.0 0.254000254 0 0.254000254
217.5 294.5 0.254000254 0 0.254000254
217.5 310.0 0.254000254 0 0.254000254
217.5 325.5 0.254000254 0 0.254000254
217.5 341.0 0.254000254 0 0.254000254
217.5 356.5 0.254000254 0 0.254000254
217.5 372.0 0.254000254 0 0.254000254
217.5 387.5 0.254000254 0 0.254000254
217.5 403.0 0.254000254 0 0.254000254
217.5 418.5 0.254000254 0 0.254000254
217.5 434.0 0.254000254 0 0.254000254
217.5 449.5 0.254000254 0 0.254000254
217.5 465.0 0.254000254 0 0.254000254
233.0 15.5 0.254000254 0 0.254000254
233.0 31.0 0.254000254 0 0.254000254
233.0 46.5 0.254000254 0 0.254000254
233.0 62.0 0.254000254 0 0.254000254
233.0 77.5 0.254000254 0 0.254000254
233.0 93.0 0.254000254 0 0.254000254
233.0 108.5 0.254000254 0 0.254000254
233.0 124.0 0.254000254 0 0.254000254
233.0 139.5 0.254000254 0 0.254000254
233.0 155.0 0.254000254 0 0.254000254
233.0 170.5 0.254000254 0 0.254000254
233.0 186.0 0.254000254 0 0.254000254
233.0 201.5 0.254000254 0 0.254000254
233.0 217.0 0.254000254 0 0.254000254
233.0 232.5 0.254000254 0 0.254000254
233.0 248.0 0.254000254 0 0.254000254
233.0 263.5 0.254000254 0 0.254000254
233.0 279.0 0.254000254 0 0.254000254
233.0 294.5 0.254000254 0 0.254000254
233.0 310.0 0.254000254 0 0.254000254
233.0 325.5 0.254000254 0 0.254000254
233.0 341.0 0.254000254 0 0.254000254
233.0 356.5 0.254000254 0 0.254000254
233.0 372.0 0.254000254 0 0.254000254
233.0 387.5 0.254000254 0 0.254000254
233.0 403.0 0.254000254 0 0.254000254
233.0 418.5 0.254000254 0 0.254000254
233.0 434.0 0.254000254 0 0.254000254
233.0 449.5 0.254000254 0 0.254000254
233.0 465.0 0.254000254 0 0.254000254
248.5 15.5 0.254000254 0 0.254000254
248.5 31.0 0.254000254 0 0.254000254
248.5 46.5 0.254000254 0 0.254000254
248.5 62.0 0.254000254 0 0.254000254
248.5 77.5 0.254000254 0 0.254000254
248.5 93.0 0.254000254 0 0.254000254
248.5 108.5 0.254000254 0 0.254000254
248.5 124.0 0.254000254 0 0.254000254
248.5 139.5 0.254000254 0 0.254000254
248.5 155.0 0.254000254 0 0.254000254
248.5 170.5 0.254000254 0 0.254000254
248.5 186.0 0.254000254 0 0.254000254
248.5 201.5 0.254000254 0 0.254000254
248.5 217.0 0.254000254 0 0.254000254
248.5 232.5 0.254000254 0 0.254000254
248.5 248.0 0.254000254 0 0.254000254
248.5 263.5 0.254000254 0 0.254000254
248.5 279.0 0.254000254 0 0.254000254
248.5 294.5 0.254000254 0 0.254000254
248.5 310.0 0.254000254 0 0.254000254
248.5 325.5 0.254000254 0 0.254000254
248.5 341.0 0.254000254 0 0.254000254
248.5 356.5 0.254000254 0 0.254000254
248.5 372.0 0.254000254 0 0.254000254
248.5 387.5 0.254000254 0 0.254000254
248.5 403.0 0.254000254 0 0.254000254
248.5 418.5 0.254000254 0 0.254000254
248.5 434.0 0.254000254 0 0.254000254
248.5 449.5 0.254000254 0 0.254000254
248.5 465.0 0.254000254 0 0.254000254
264.0 15.5 0.254000254 0 0.254000254
264.0 31.0 0.254000254 0 0.254000254
264.0 46.5 0.254000254 0 0.254000254
264.0 62.0 0.254000254 0 0.254000254
264.0 77.5 0.254000254 0 0.254000254
264.0 93.0 0.254000254 0 0.254000254
264.0 108.5 0.254000254 0 0.254000254
264.0 124.0 0.254000254 0 0.254000254
264.0 139.5 0.254000254 0 0.254000254
264.0 155.0 0.254000254 0 0.254000254
264.0 170.5 0.254000254 0 0.254000254
264.0 186.0 0.254000254 0 0.254000254
264.0 201.5 0.254000254 0 0.254000254
264.0 217.0 0.254000254 0 0.254000254
264.0 232.5 0.254000254 0 0.254000254
264.0 248.0 0.254000254 0 0.254000254
264.0 263.5 0.254000254 0 0.254000254
264.0 279.0 0.254000254 0 0.254000254
264.0 294.5 0.254000254 0 0.254000254
264.0 310.0 0.254000254 0 0.254000254
264.0 325.5 0.254000254 0 0.254000254
264.0 341.0 0.254000254 0 0.254000254
264.0 356.5 0.254000254 0 0.254000254
264.0 372.0 0.254000254 0 0.254000254
264.0 387.5 0.254000254 0 0.254000254
264.0 403.0 0.254000254 0 0.254000254
264.0 418.5 0.254000254 0 0.254000254
264.0 434.0 0.254000254 0 0.254000254
264.0 449.5 0.254000254 0 0.254000254
264.0 465.0 0.254000254 0 0.254000254
279.5 15.5 0.254000254 0 0.254000254
279.5 31.0 0.254000254 0 0.254000254
279.5 46.5 0.254000254 0 0.254000254
279.5 62.0 0.254000254 0 0.254000254
279.5 77.5 0.254000254 0 0.254000254
279.5 93.0 0.254000254 0 0.254000254
279.5 108.5 0.254000254 0 0.254000254
279.5 124.0 0.254000254 0 0.254000254
279.5 139.5 0.254000254 0 0.254000254
279.5 155.0 0.254000254 0 0.254000254
279.5 170.5 0.254000254 0 0.254000254
279.5 186.0 0.254000254 0 0.254000254
279.5 201.5 0.254000254 0 0.254000254
279.5 217.0 0.254000254 0 0.254000254
279.5 232.5 0.254000254 0 0.254000254
279.5 248.0 0.254000254 0 0.254000254
279.5 263.5 0.254000254 0 0.254000254
279.5 279.0 0.254000254 0 0.254000254
279.5 294.5 0.254000254 0 0.254000254
279.5 310.0 0.254000254 0 0.254000254
279.5 325.5 0.254000254 0 0.254000254
279.5 341.0 0.254000254 0 0.254000254
279.5 356.5 0.254000254 0 0.254000254
279.5 372.0 0.254000254 0 0.254000254
279.5 387.5 0.254000254 0 0.254000254
279.5 403.0 0.254000254 0 0.254000254
279.5 418.5 0.254000254 0 0.254000254
279.5 434.0 0.254000254 0 0.254000254
279.5 449.5 0.254000254 0 0.254000254
279.5 465.0 0.254000254 0 0.254000254
295.0 15.5 0.254000254 0 0.254000254
295.0 31.0 0.254000254 0 0.254000254
295.0 46.5 0.254000254 0 0.254000254
295.0 62.0 0.254000254 0 0.254000254
295.0 77.5 0.254000254 0 0.254000254
295.0 93.0 0.254000254 0 0.254000254
295.0 108.5 0.254000254 0 0.254000254
295.0 124.0 0.254000254 0 0.254000254
295.0 139.5 0.254000254 0 0.254000254
295.0 155.0 0.254000254 0 0.254000254
295.0 170.5 0.254000254 0 0.254000254
295.0 186.0 0.254000254 0 0.254000254
295.0 201.5 0.254000254 0 0.254000254
295.0 217.0 0.254000254 0 0.254000254
295.0 232.5 0.254000254 0 0.254000254
295.0 248.0 0.254000254 0 0.254000254
295.0 263.5 0.254000254 0 0.254000254
295.0 279.0 0.254000254 0 0.254000254
295.0 294.5 0.254000254 0 0.254000254
295.0 310.0 0.254000254 0 0.254000254
295.0 325.5 0.254000254 0 0.254000254
295.0 341.0 0.254000254 0 0.254000254
295.0 356.5 0.254000254 0 0.254000254
295.0 372.0 0.254000254 0 0.254000254
295.0 387.5 0.254000254 0 0.254000254
295.0 403.0 0.254000254 0 0.254000254
295.0 418.5 0.254000254 0 0.254000254
295.0 434.0 0.254000254 0 0.254000254
295.0 449.5 0.254000254 0 0.254000254
295.0 465.0 0.254000254 0 0.254000254
310.5 15.5 0.254000254 0 0.254000254
310.5 31.0 0.254000254 0 0.254000254
310.5 46.5 0.254000254 0 0.254000254
310.5 62.0 0.254000254 0 0.254000254
310.5 77.5 0.254000254 0 0.254000254
310.5 93.0 0.254000254 0 0.254000254
310.5 108.5 0.254000254 0 0.254000254
310.5 124.0 0.254000254 0 0.254000254
310.5 139.5 0.254000254 0 0.254000254
310.5 155.0 0.254000254 0 0.254000254
310.5 170.5 0.254000254 0 0.254000254
310.5 186.0 0.254000254 0 0.254000254
310.5 201.5 0.254000254 0 0.254000254
310.5 217.0 0.254000254 0 0.254000254
310.5 232.5 0.254000254 0 0.254000254
310.5 248.0 0.254000254 0 0.254000254
310.5 263.5 0.254000254 0 0.254000254
310.5 279.0 0.254000254 0 0.254000254
310.5 294.5 0.254000254 0 0.254000254
310.5 310.0 0.254000254 0 0.254000254
310.5 325.5 0.254000254 0 0.254000254
310.5 341.0 0.254000254 0 0.254000254
310.5 356.5 0.254000254 0 0.254000254
310.5 372.0 0.254000254 0 0.254000254
310.5 387.5 0.254000254 0 0.254000254
310.5 403.0 0.254000254 0 0.254000254
310.5 418.5 0.254000254 0 0.254000254
310.5 434.0 0.254000254 0 0.254000254
310.5 449.5 0.254000254 0 0.254000254
310.5 465.0 0.254000254 0 0.254000254
326.0 15.5 0.254000254 0 0.254000254
326.0 31.0 0.254000254 0 0.254000254
326.0 46.5 0.254000254 0 0.254000254
326.0 62.0 0.254000254 0 0.254000254
326.0 77.5 0.254000254 0 0.254000254
326.0 93.0 0.254000254 0 0.254000254
326.0 108.5 0.254000254 0 0.254000254
326.0 124.0 0.254000254 0 0.254000254
326.0 139.5 0.254000254 0 0.254000254
326.0 155.0 0.254000254 0 0.254000254
326.0 170.5 0.254000254 0 0.254000254
326.0 186.0 0.254000254 0 0.254000254
326.0 201.5 0.254000254 0 0.254000254
326.0 217.0 0.254000254 0 0.254000254
326.0 232.5 0.254000254 0 0.254000254
326.0 248.0 0.254000254 0 0.254000254
326.0 263.5 0.254000254 0 0.254000254
326.0 279.0 0.254000254 0 0.254000254
326.0 294.5 0.254000254 0 0.254000254
326.0 310.0 0.254000254 0 0.254000254
326.0 325.5 0.254000254 0 0.254000254
326.0 341.0 0.254000254 0 0.254000254
326.0 356.5 0.254000254 0 0.254000254
326.0 372.0 0.254000254 0 0.254000254
326.0 387.5 0.254000254 0 0.254000254
326.0 403.0 0.254000254 0 0.254000254
326.0 418.5 0.254000254 0 0.254000254
326.0 434.0 0.254000254 0 0.254000254
326.0 449.5 0.254000254 0 0.254000254
326.0 465.0 0.254000254 0 0.254000254
341.5 15.5 0.254000254 0 0.254000254
341.5 31.0 0.254000254 0 0.254000254
341.5 46.5 0.254000254 0 0.254000254
341.5 62.0 0.254000254 0 0.254000254
341.5 77.5 0.254000254 0 0.254000254
341.5 93.0 0.254000254 0 0.254000254
341.5 108.5 0.254000254 0 0.254000254
341.5 124.0 0.254000254 0 0.254000254
341.5 139.5 0.254000254 0 0.254000254
341.5 155.0 0.254000254 0 0.254000254
341.5 170.5 0.254000254 0 0.254000254
341.5 186.0 0.254000254 0 0.254000254
341.5 201.5 0.254000254 0 0.254000254
341.5 217.0 0.254000254 0 0.254000254
341.5 232.5 0.254000254 0 0.254000254
341.5 248.0 0.254000254 0 0.254000254
341.5 263.5 0.254000254 0 0.254000254
341.5 279.0 0.254000254 0 0.254000254
341.5 294.5 0.254000254 0 0.254000254
341.5 310.0 0.254000254 0 0.254000254
341.5 325.5 0.254000254 0 0.254000254
341.5 341.0 0.254000254 0 0.254000254
341.5 356.5 0.254000254 0 0.254000254
341.5 372.0 0.254000254 0 0.254000254
341.5 387.5 0.254000254 0 0.254000254
341.5 403.0 0.254000254 0 0.254000254
341.5 418.5 0.254000254 0 0.254000254
341.5 434.0 0.254000254 0 0.254000254
341.5 449.5 0.254000254 0 0.254000254
341.5 465.0 0.254000254 0 0.254000254
357.0 15.5 0.254000254 0 0.254000254
357.0 31.0 0.254000254 0 0.254000254
357.0 46.5 0.254000254 0 0.254000254
357.0 62.0 0.254000254 0 0.254000254
357.0 77.5 0.254000254 0 0.254000254
357.0 93.0 0.254000254 0 0.254000254
357.0 108.5 0.254000254 0 0.254000254
357.0 124.0 0.254000254 0 0.254000254
357.0 139.5 0.254000254 0 0.254000254
357.0 155.0 0.254000254 0 0.254000254
357.0 170.5 0.254000254 0 0.254000254
357.0 186.0 0.254000254 0 0.254000254
357.0 201.5 0.254000254 0 0.254000254
357.0 217.0 0.254000254 0 0.254000254
357.0 232.5 0.254000254 0 0.254000254
357.0 248.0 0.254000254 0 0.254000254
357.0 263.5 0.254000254 0 0.254000254
357.0 279.0 0.254000254 0 0.254000254
357.0 294.5 0.254000254 0 0.254000254
357.0 310.0 0.254000254 0 0.254000254
357.0 325.5 0.254000254 0 0.254000254
357.0 341.0 0.254000254 0 0.254000254
357.0 356.5 0.254000254 0 0.254000254
357.0 372.0 0.254000254 0 0.254000254
357.0 387.5 0.254000254 0 0.254000254
357.0 403.0 0.254000254 0 0.254000254
357.0 418.5 0.254000254 0 0.254000254
357.0 434.0 0.254000254 0 0.254000254
357.0 449.5 0.254000254 0 0.254000254
357.0 465.0 0.254000254 0 0.254000254
372.5 15.5 0.254000254 0 0.254000254
372.5 31.0 0.254000254 0 0.254000254
372.5 46.5 0.254000254 0 0.254000254
372.5 62.0 0.254000254 0 0.254000254
372.5 77.5 0.254000254 0 0.254000254
372.5 93.0 0.254000254 0 0.254000254
372.5 108.5 0.254000254 0 0.254000254
372.5 124.0 0.254000254 0 0.254000254
372.5 139.5 0.254000254 0 0.254000254
372.5 155.0 0.254000254 0 0.254000254
372.5 170.5 0.254000254 0 0.254000254
372.5 186.0 0.254000254 0 0.254000254
372.5 201.5 0.254000254 0 0.254000254
372.5 217.0 0.254000254 0 0.254000254
372.5 232.5 0.254000254 0 0.254000254
372.5 248.0 0.254000254 0 0.254000254
372.5 263.5 0.254000254 0 0.254000254
372.5 279.0 0.254000254 0 0.254000254
372.5 294.5 0.254000254 0 0.254000254
372.5 310.0 0.254000254 0 0.254000254
372.5 325.5 0.254000254 0 0.254000254
372.5 341.0 0.254000254 0 0.254000254
372.5 356.5 0.254000254 0 0.254000254
372.5 372.0 0.254000254 0 0.254000254
372.5 387.5 0.254000254 0 0.254000254
372.5 403.0 0.254000254 0 0.254000254
372.5 418.5 0.254000254 0 0.254000254
372.5 434.0 0.254000254 0 0.254000254
372.5 449.5 0.254000254 0 0.254000254
372.5 465.0 0.254000254 0 0.254000254
388.0 15.5 0.254000254 0 0.254000254
388.0 31.0 0.254000254 0 0.254000254
388.0 46.5 0.254000254 0 0.254000254
388.0 62.0 0.254000254 0 0.254000254
388.0 77.5 0.254000254 0 0.254000254
388.0 93.0 0.254000254 0 0.254000254
388.0 108.5 0.254000254 0 0.254000254
388.0 124.0 0.254000254 0 0.254000254
388.0 139.5 0.254000254 0 0.254000254
388.0 155.0 0.254000254 0 0.254000254
388.0 170.5 0.254000254 0 0.254000254
388.0 186.0 0.254000254 0 0.254000254
388.0 201.5 0.254000254 0 0.254000254
388.0 217.0 0.254000254 0 0.254000254
388.0 232.5 0.254000254 0 0.254000254
388.0 248.0 0.254000254 0 0.254000254
388.0 263.5 0.254000254 0 0.254000254
388.0 279.0 0.254000254 0 0.254000254
388.0 294.5 0.254000254 0 0.254000254
388.0 310.0 0.254000254 0 0.254000254
388.0 325.5 0.254000254 0 0.254000254
388.0 341.0 0.254000254 0 0.254000254
388.0 356.5 0.254000254 0 0.254000254
388.0 372.0 0.254000254 0 0.254000254
388.0 387.5 0.254000254 0 0.254000254
388.0 403.0 0.254000254 0 0.254000254
388.0 418.5 0.254000254 0 0.254000254
388.0 434.0 0.254000254 0 0.254000254
388.0 449.5 0.254000254 0 0.254000254
388.0 465.0 0.254000254 0 0.254000254
403.5 15.5 0.254000254 0 0.254000254
403.5 31.0 0.254000254 0 0.254000254
403.5 46.5 0.254000254 0 0.254000254
403.5 62.0 0.254000254 0 0.254000254
403.5 77.5 0.254000254 0 0.254000254
403.5 93.0 0.254000254 0 0.254000254
403.5 108.5 0.254000254 0 0.254000254
403.5 124.0 0.254000254 0 0.254000254
403.5 139.5 0.254000254 0 0.254000254
403.5 155.0 0.254000254 0 0.254000254
403.5 170.5 0.254000254 0 0.254000254
403.5 186.0 0.254000254 0 0.254000254
403.5 201.5 0.254000254 0 0.254000254
403.5 217.0 0.254000254 0 0.254000254
403.5 232.5 0.254000254 0 0.254000254
403.5 248.0 0.254000254 0 0.254000254
403.5 263.5 0.254000254 0 0.254000254
403.5 279.0 0.254000254 0 0.254000254
403.5 294.5 0.254000254 0 0.254000254
403.5 310.0 0.254000254 0 0.254000254
403.5 325.5 0.254000254 0 0.254000254
403.5 341.0 0.254000254 0 0.254000254
403.5 356.5 0.254000254 0 0.254000254
403.5 372.0 0.254000254 0 0.254000254
403.5 387.5 0.254000254 0 0.254000254
403.5 403.0 0.254000254 0 0.254000254
403.5 418.5 0.254000254 0 0.254000254
403.5 434.0 0.254000254 0 0.254000254
403.5 449.5 0.254000254 0 0.254000254
403.5 465.0 0.254000254 0 0.254000254
419.0 15.5 0.254000254 0 0.254000254
419.0 31.0 0.254000254 0 0.254000254
419.0 46.5 0.254000254 0 0.254000254
419.0 62.0 0.254000254 0 0.254000254
419.0 77.5 0.254000254 0 0.254000254
419.0 93.0 0.254000254 0 0.254000254
419.0 108.5 0.254000254 0 0.254000254
419.0 124.0 0.254000254 0 0.254000254
419.0 139.5 0.254000254 0 0.254000254
419.0 155.0 0.254000254 0 0.254000254
419.0 170.5 0.254000254 0 0.254000254
419.0 186.0 0.254000254 0 0.254000254
419.0 201.5 0.254000254 0 0.254000254
419.0 217.0 0.254000254 0 0.254000254
419.0 232.5 0.254000254 0 0.254000254
419.0 248.0 0.254000254 0 0.254000254
419.0 263.5 0.254000254 0 0.254000254
419.0 279.0 0.254000254 0 0.254000254
419.0 294.5 0.254000254 0 0.254000254
419.0 310.0 0.254000254 0 0.254000254
419.0 325.5 0.254000254 0 0.254000254
419.0 341.0 0.254000254 0 0.254000254
419.0 356.5 0.254000254 0 0.254000254
419.0 372.0 0.254000254 0 0.254000254
419.0 387.5 0.254000254 0 0.254000254
419.0 403.0 0.254000254 0 0.254000254
419.0 418.5 0.254000254 0 0.254000254
419.0 434.0 0.254000254 0 0.254000254
419.0 449.5 0.254000254 0 0.254000254
419.0 465.0 0.254000254 0 0.254000254
434.5 15.5 0.254000254 0 0.254000254
434.5 31.0 0.254000254 0 0.254000254
434.5 46.5 0.254000254 0 0.254000254
434.5 62.0 0.254000254 0 0.254000254
434.5 77.5 0.254000254 0 0.254000254
434.5 93.0 0.254000254 0 0.254000254
434.5 108.5 0.254000254 0 0.254000254
434.5 124.0 0.254000254 0 0.254000254
434.5 139.5 0.254000254 0 0.254000254
434.5 155.0 0.254000254 0 0.254000254
434.5 170.5 0.254000254 0 0.254000254
434.5 186.0 0.254000254 0 0.254000254
434.5 201.5 0.254000254 0 0.254000254
434.5 217.0 0.254000254 0 0.254000254
434.5 232.5 0.254000254 0 0.254000254
434.5 248.0 0.254000254 0 0.254000254
434.5 263.5 0.254000254 0 0.254000254
434.5 279.0 0.254000254 0 0.254000254
434.5 294.5 0.254000254 0 0.254000254
434.5 310.0 0.254000254 0 0.254000254
434.5 325.5 0.254000254 0 0.254000254
434.5 341.0 0.254000254 0 0.254000254
434.5 356.5 0.254000254 0 0.254000254
434.5 372.0 0.254000254 0 0.254000254
434.5 387.5 0.254000254 0 0.254000254
434.5 403.0 0.254000254 0 0.254000254
434.5 418.5 0.254000254 0 0.254000254
434.5 434.0 0.254000254 0 0.254000254
434.5 449.5 0.254000254 0 0.254000254
434.5 465.0 0.254000254 0 0.254000254
450.0 15.5 0.254000254 0 0.254000254
450.0 31.0 0.254000254 0 0.254000254
450.0 46.5 0.254000254 0 0.254000254
450.0 62.0 0.254000254 0 0.254000254
450.0 77.5 0.254000254 0 0.254000254
450.0 93.0 0.254000254 0 0.254000254
450.0 108.5 0.254000254 0 0.254000254
450.0 124.0 0.254000254 0 0.254000254
450.0 139.5 0.254000254 0 0.254000254
450.0 155.0 0.254000254 0 0.254000254
450.0 170.5 0.254000254 0 0.254000254
450.0 186.0 0.254000254 0 0.254000254
450.0 201.5 0.254000254 0 0.254000254
450.0 217.0 0.254000254 0 0.254000254
450.0 232.5 0.254000254 0 0.254000254
450.0 248.0 0.254000254 0 0.254000254
450.0 263.5 0.254000254 0 0.254000254
450.0 279.0 0.254000254 0 0.254000254
450.0 294.5 0.254000254 0 0.254000254
450.0 310.0 0.254000254 0 0.254000254
450.0 325.5 0.254000254 0 0.254000254
450.0 341.0 0.254000254 0 0.254000254
450.0 356.5 0.254000254 0 0.254000254
450.0 372.0 0.254000254 0 0.254000254
450.0 387.5 0.254000254 0 0.254000254
450.0 403.0 0.254000254 0 0.254000254
450.0 418.5 0.254000254 0 0.254000254
450.0 434.0 0.254000254 0 0.254000254
450.0 449.5 0.254000254 0 0.254000254
450.0 465.0 0.254000254 0 0.254000254
465.5 31.0 0.254000254 0 0.254000254
465.5 46.5 0.254000254 0 0.254000254
465.5 62.0 0.254000254 0 0.254000254
465.5 77.5 0.254000254 0 0.254000254
465.5 93.0 0.254000254 0 0.254000254
465.5 108.5 0.254000254 0 0.254000254
465.5 124.0 0.254000254 0 0.254000254
465.5 139.5 0.254000254 0 0.254000254
465.5 155.0 0.254000254 0 0.254000254
465.5 170.5 0.254000254 0 0.254000254
465.5 186.0 0.254000254 0 0.254000254
465.5 201.5 0.254000254 0 0.254000254
465.5 217.0 0.254000254 0 0.254000254
465.5 232.5 0.254000254 0 0.254000254
465.5 248.0 0.254000254 0 0.254000254
465.5 263.5 0.254000254 0 0.254000254
465.5 279.0 0.254000254 0 0.254000254
465.5 294.5 0.254000254 0 0.254000254
465.5 310.0 0.254000254 0 0.254000254
465.5 325.5 0.254000254 0 0.254000254
465.5 341.0 0.254000254 0 0.254000254
465.5 356.5 0.254000254 0 0.254000254
465.5 372.0 0.254000254 0 0.254000254
465.5 387.5 0.254000254 0 0.254000254
465.5 403.0 0.254000254 0 0.254000254
465.5 418.5 0.254000254 0 0.254000254
465.5 434.0 0.254000254 0 0.254000254
465.5 449.5 0.254000254 0 0.254000254
481.0 31.0 0.254000254 0 0.254000254
481.0 46.5 0.254000254 0 0.254000254
481.0 62.0 0.254000254 0 0.254000254
481.0 77.5 0.254000254 0 0.254000254
481.0 93.0 0.254000254 0 0.254000254
481.0 108.5 0.254000254 0 0.254000254
481.0 124.0 0.254000254 0 0.254000254
481.0 139.5 0.254000254 0 0.254000254
481.0 155.0 0.254000254 0 0.254000254
481.0 170.5 0.254000254 0 0.254000254
481.0 186.0 0.254000254 0 0.254000254
481.0 201.5 0.254000254 0 0.254000254
481.0 217.0 0.254000254 0 0.254000254
481.0 232.5 0.254000254 0 0.254000254
481.0 248.0 0.254000254 0 0.254000254
481.0 263.5 0.254000254 0 0.254000254
481.0 279.0 0.254000254 0 0.254000254
481.0 294.5 0.254000254 0 0.254000254
481.0 310.0 0.254000254 0 0.254000254
481.0 325.5 0.254000254 0 0.254000254
481.0 341.0 0.254000254 0 0.254000254
481.0 356.5 0.254000254 0 0.254000254
481.0 372.0 0.254000254 0 0.254000254
481.0 387.5 0.254000254 0 0.254000254
481.0 403.0 0.254000254 0 0.254000254
481.0 418.5 0.254000254 0 0.254000254
481.0 434.0 0.254000254 0 0.254000254
481.0 449.5 0.254000254 0 0.254000254
496.5 46.5 0.254000254 0 0.254000254
496.5 62.0 0.254000254 0 0.254000254
496.5 77.5 0.254000254 0 0.254000254
496.5 93.0 0.254000254 0 0.254000254
496.5 108.5 0.254000254 0 0.254000254
496.5 124.0 0.254000254 0 0.254000254
496.5 139.5 0.254000254 0 0.254000254
496.5 155.0 0.254000254 0 0.254000254
496.5 170.5 0.254000254 0 0.254000254
496.5 186.0 0.254000254 0 0.254000254
496.5 201.5 0.254000254 0 0.254000254
496.5 217.0 0.254000254 0 0.254000254
496.5 232.5 0.254000254 0 0.254000254
496.5 248.0 0.254000254 0 0.254000254
496.5 263.5 0.254000254 0 0.254000254
496.5 279.0 0.254000254 0 0.254000254
496.5 294.5 0.254000254 0 0.254000254
496.5 310.0 0.254000254 0 0.254000254
496.5 325.5 0.254000254 0 0.254000254
496.5 341.0 0.254000254 0 0.254000254
496.5 356.5 0.254000254 0 0.254000254
496.5 372.0 0.254000254 0 0.254000254
496.5 387.5 0.254000254 0 0.254000254
496.5 403.0 0.254000254 0 0.254000254
496.5 418.5 0.254000254 0 0.254000254
496.5 434.0 0.254000254 0 0.254000254
512.0 62.0 0.254000254 0 0.254000254
512.0 77.5 0.254000254 0 0.254000254
512.0 93.0 0.254000254 0 0.254000254
512.0 108.5 0.254000254 0 0.254000254
512.0 124.0 0.254000254 0 0.254000254
512.0 139.5 0.254000254 0 0.254000254
512.0 155.0 0.254000254 0 0.254000254
512.0 170.5 0.254000254 0 0.254000254
512.0 186.0 0.254000254 0 0.254000254
512.0 201.5 0.254000254 0 0.254000254
512.0 217.0 0.254000254 0 0.254000254
512.0 232.5 0.254000254 0 0.254000254
512.0 248.0 0.254000254 0 0.254000254
512.0 263.5 0.254000254 0 0.254000254
512.0 279.0 0.254000254 0 0.254000254
512.0 294.5 0.254000254 0 0.254000254
512.0 310.0 0.254000254 0 0.254000254
512.0 325.5 0.254000254 0 0.254000254
512.0 341.0 0.254000254 0 0.254000254
512.0 356.5 0.254000254 0 0.254000254
512.0 372.0 0.254000254 0 0.254000254
512.0 387.5 0.254000254 0 0.254000254
512.0 403.0 0.254000254 0 0.254000254
512.0 418.5 0.254000254 0 0.254000254
527.5 93.0 0.254000254 0 0.254000254
527.5 108.5 0.254000254 0 0.254000254
527.5 124.0 0.254000254 0 0.254000254
527.5 139.5 0.254000254 0 0.254000254
527.5 155.0 0.254000254 0 0.254000254
527.5 170.5 0.254000254 0 0.254000254
527.5 186.0 0.254000254 0 0.254000254
527.5 201.5 0.254000254 0 0.254000254
527.5 217.0 0.254000254 0 0.254000254
527.5 232.5 0.254000254 0 0.254000254
527.5 248.0 0.254000254 0 0.254000254
527.5 263.5 0.254000254 0 0.254000254
527.5 279.0 0.254000254 0 0.254000254
527.5 294.5 0.254000254 0 0.254000254
527.5 310.0 0.254000254 0 0.254000254
527.5 325.5 0.254000254 0 0.254000254
527.5 341.0 0.254000254 0 0.254000254
527.5 356.5 0.254000254 0 0.254000254
527.5 372.0 0.254000254 0 0.254000254
527.5 387.5 0.254000254 0 0.254000254
543.0 108.5 0.254000254 0 0.254000254
543.0 124.0 0.254000254 0 0.254000254
543.0 139.5 0.254000254 0 0.254000254
543.0 155.0 0.254000254 0 0.254000254
543.0 170.5 0.254000254 0 0.254000254
543.0 186.0 0.254000254 0 0.254000254
543.0 201.5 0.254000254 0 0.254000254
543.0 217.0 0.254000254 0 0.254000254
543.0 232.5 0.254000254 0 0.254000254
543.0 248.0 0.254000254 0 0.254000254
543.0 263.5 0.254000254 0 0.254000254
543.0 279.0 0.254000254 0 0.254000254
543.0 294.5 0.254000254 0 0.254000254
543.0 310.0 0.254000254 0 0.254000254
543.0 325.5 0.254000254 0 0.254000254
543.0 341.0 0.254000254 0 0.254000254
543.0 356.5 0.254000254 0 0.254000254
543.0 372.0 0.254000254 0 0.254000254
558.5 139.5 0.254000254 0 0.254000254
558.5 155.0 0.254000254 0 0.254000254
558.5 170.5 0.254000254 0 0.254000254
558.5 186.0 0.254000254 0 0.254000254
558.5 201.5 0.254000254 0 0.254000254
558.5 217.0 0.254000254 0 0.254000254
558.5 232.5 0.254000254 0 0.254000254
558.5 248.0 0.254000254 0 0.254000254
558.5 263.5 0.254000254 0 0.254000254
558.5 279.0 0.254000254 0 0.254000254
558.5 294.5 0.254000254 0 0.254000254
558.5 310.0 0.254000254 0 0.254000254
558.5 325.5 0.254000254 0 0.254000254
558.5 341.0 0.254000254 0 0.254000254
574.0 186.0 0.254000254 0 0.254000254
574.0 201.5 0.254000254 0 0.254000254
574.0 217.0 0.254000254 0 0.254000254
574.0 232.5 0.254000254 0 0.254000254
574.0 248.0 0.254000254 0 0.254000254
574.0 263.5 0.254000254 0 0.254000254
574.0 279.0 0.254000254 0 0.254000254
574.0 294.5 0.254000254 0 0.254000254
