1
363
175.0 200.0 0.2 0 0.2
175.0 225.0 0.2 0 0.2
175.0 250.0 0.2 0 0.2
175.0 275.0 0.2 0 0.2
175.0 300.0 0.2 0 0.2
175.0 325.0 0.2 0 0.2
175.0 350.0 0.2 0 0.2
175.0 375.0 0.2 0 0.2
200.0 150.0 0.2 0 0.2
200.0 175.0 0.2 0 0.2
200.0 200.0 0.2 0 0.2
200.0 225.0 0.2 0 0.2
200.0 250.0 0.2 0 0.2
200.0 275.0 0.2 0 0.2
200.0 300.0 0.2 0 0.2
200.0 325.0 0.2 0 0.2
200.0 350.0 0.2 0 0.2
200.0 375.0 0.2 0 0.2
200.0 400.0 0.2 0 0.2
200.0 425.0 0.2 0 0.2
225.0 125.0 0.2 0 0.2
225.0 150.0 0.2 0 0.2
225.0 175.0 0.2 0 0.2
225.0 200.0 0.2 0 0.2
225.0 225.0 0.2 0 0.2
225.0 250.0 0.2 0 0.2
225.0 275.0 0.2 0 0.2
225.0 300.0 0.2 0 0.2
225.0 325.0 0.2 0 0.2
225.0 350.0 0.2 0 0.2
225.0 375.0 0.2 0 0.2
225.0 400.0 0.2 0 0.2
225.0 425.0 0.2 0 0.2
225.0 450.0 0.2 0 0.2
250.0 100.0 0.2 0 0.2
250.0 125.0 0.2 0 0.2
250.0 150.0 0.2 0 0.2
250.0 175.0 0.2 0 0.2
250.0 200.0 0.2 0 0.2
250.0 225.0 0.2 0 0.2
250.0 250.0 0.2 0 0.2
250.0 275.0 0.2 0 0.2
250.0 300.0 0.2 0 0.2
250.0 325.0 0.2 0 0.2
250.0 350.0 0.2 0 0.2
250.0 375.0 0.2 0 0.2
250.0 400.0 0.2 0 0.2
250.0 425.0 0.2 0 0.2
250.0 450.0 0.2 0 0.2
250.0 475.0 0.2 0 0.2
275.0 75.0 0.2 0 0.2
275.0 100.0 0.2 0 0.2
275.0 125.0 0.2 0 0.2
275.0 150.0 0.2 0 0.2
275.0 175.0 0.2 0 0.2
275.0 200.0 0.2 0 0.2
275.0 225.0 0.2 0 0.2
275.0 250.0 0.2 0 0.2
275.0 275.0 0.2 0 0.2
275.0 300.0 0.2 0 0.2
275.0 325.0 0.2 0 0.2
275.0 350.0 0.2 0 0.2
275.0 375.0 0.2 0 0.2
275.0 400.0 0.2 0 0.2
275.0 425.0 0.2 0 0.2
275.0 450.0 0.2 0 0.2
275.0 475.0 0.2 0 0.2
275.0 500.0 0.2 0 0.2
300.0 50.0 0.2 0 0.2
300.0 75.0 0.2 0 0.2
300.0 100.0 0.2 0 0.2
300.0 125.0 0.2 0 0.2
300.0 150.0 0.2 0 0.2
300.0 175.0 0.2 0 0.2
300.0 200.0 0.2 0 0.2
300.0 225.0 0.2 0 0.2
300.0 250.0 0.2 0 0.2
300.0 275.0 0.2 0 0.2
300.0 300.0 0.2 0 0.2
300.0 325.0 0.2 0 0.2
300.0 350.0 0.2 0 0.2
300.0 375.0 0.2 0 0.2
300.0 400.0 0.2 0 0.2
300.0 425.0 0.2 0 0.2
300.0 450.0 0.2 0 0.2
300.0 475.0 0.2 0 0.2
300.0 500.0 0.2 0 0.2
325.0 50.0 0.2 0 0.2
325.0 75.0 0.2 0 0.2
325.0 100.0 0.2 0 0.2
325.0 125.0 0.2 0 0.2
325.0 150.0 0.2 0 0.2
325.0 175.0 0.2 0 0.2
325.0 200.0 0.2 0 0.2
325.0 225.0 0.2 0 0.2
325.0 250.0 0.2 0 0.2
325.0 275.0 0.2 0 0.2
325.0 300.0 0.2 0 0.2
325.0 325.0 0.2 0 0.2
325.0 350.0 0.2 0 0.2
325.0 375.0 0.2 0 0.2
325.0 400.0 0.2 0 0.2
325.0 425.0 0.2 0 0.2
325.0 450.0 0.2 0 0.2
325.0 475.0 0.2 0 0.2
325.0 500.0 0.2 0 0.2
325.0 525.0 0.2 0 0.2
350.0 50.0 0.2 0 0.2
350.0 75.0 0.2 0 0.2
350.0 100.0 0.2 0 0.2
350.0 125.0 0.2 0 0.2
350.0 150.0 0.2 0 0.2
350.0 175.0 0.2 0 0.2
350.0 200.0 0.2 0 0.2
350.0 225.0 0.2 0 0.2
350.0 250.0 0.2 0 0.2
350.0 275.0 0.2 0 0.2
350.0 300.0 0.2 0 0.2
350.0 325.0 0.2 0 0.2
350.0 350.0 0.2 0 0.2
350.0 375.0 0.2 0 0.2
350.0 400.0 0.2 0 0.2
350.0 425.0 0.2 0 0.2
350.0 450.0 0.2 0 0.2
350.0 475.0 0.2 0 0.2
350.0 500.0 0.2 0 0.2
350.0 525.0 0.2 0 0.2
375.0 25.0 0.2 0 0.2
375.0 50.0 0.2 0 0.2
375.0 75.0 0.2 0 0.2
375.0 100.0 0.2 0 0.2
375.0 125.0 0.2 0 0.2
375.0 150.0 0.2 0 0.2
375.0 175.0 0.2 0 0.2
375.0 200.0 0.2 0 0.2
375.0 225.0 0.2 0 0.2
375.0 250.0 0.2 0 0.2
375.0 275.0 0.2 0 0.2
375.0 300.0 0.2 0 0.2
375.0 325.0 0.2 0 0.2
375.0 350.0 0.2 0 0.2
375.0 375.0 0.2 0 0.2
375.0 400.0 0.2 0 0.2
375.0 425.0 0.2 0 0.2
375.0 450.0 0.2 0 0.2
375.0 475.0 0.2 0 0.2
375.0 500.0 0.2 0 0.2
375.0 525.0 0.2 0 0.2
400.0 25.0 0.2 0 0.2
400.0 50.0 0.2 0 0.2
400.0 75.0 0.2 0 0.2
400.0 100.0 0.2 0 0.2
400.0 125.0 0.2 0 0.2
400.0 150.0 0.2 0 0.2
400.0 175.0 0.2 0 0.2
400.0 200.0 0.2 0 0.2
400.0 225.0 0.2 0 0.2
400.0 250.0 0.2 0 0.2
400.0 275.0 0.2 0 0.2
400.0 300.0 0.2 0 0.2
400.0 325.0 0.2 0 0.2
400.0 350.0 0.2 0 0.2
400.0 375.0 0.2 0 0.2
400.0 400.0 0.2 0 0.2
400.0 425.0 0.2 0 0.2
400.0 450.0 0.2 0 0.2
400.0 475.0 0.2 0 0.2
400.0 500.0 0.2 0 0.2
400.0 525.0 0.2 0 0.2
400.0 550.0 0.2 0 0.2
425.0 25.0 0.2 0 0.2
425.0 50.0 0.2 0 0.2
425.0 75.0 0.2 0 0.2
425.0 100.0 0.2 0 0.2
425.0 125.0 0.2 0 0.2
425.0 150.0 0.2 0 0.2
425.0 175.0 0.2 0 0.2
425.0 200.0 0.2 0 0.2
425.0 225.0 0.2 0 0.2
425.0 250.0 0.2 0 0.2
425.0 275.0 0.2 0 0.2
425.0 300.0 0.2 0 0.2
425.0 325.0 0.2 0 0.2
425.0 350.0 0.2 0 0.2
425.0 375.0 0.2 0 0.2
425.0 400.0 0.2 0 0.2
425.0 425.0 0.2 0 0.2
425.0 450.0 0.2 0 0.2
425.0 475.0 0.2 0 0.2
425.0 500.0 0.2 0 0.2
425.0 525.0 0.2 0 0.2
425.0 550.0 0.2 0 0.2
450.0 25.0 0.2 0 0.2
450.0 50.0 0.2 0 0.2
450.0 75.0 0.2 0 0.2
450.0 100.0 0.2 0 0.2
450.0 125.0 0.2 0 0.2
450.0 150.0 0.2 0 0.2
450.0 175.0 0.2 0 0.2
450.0 200.0 0.2 0 0.2
450.0 225.0 0.2 0 0.2
450.0 250.0 0.2 0 0.2
450.0 275.0 0.2 0 0.2
450.0 300.0 0.2 0 0.2
450.0 325.0 0.2 0 0.2
450.0 350.0 0.2 0 0.2
450.0 375.0 0.2 0 0.2
450.0 400.0 0.2 0 0.2
450.0 425.0 0.2 0 0.2
450.0 450.0 0.2 0 0.2
450.0 475.0 0.2 0 0.2
450.0 500.0 0.2 0 0.2
450.0 525.0 0.2 0 0.2
450.0 550.0 0.2 0 0.2
475.0 25.0 0.2 0 0.2
475.0 50.0 0.2 0 0.2
475.0 75.0 0.2 0 0.2
475.0 100.0 0.2 0 0.2
475.0 125.0 0.2 0 0.2
475.0 150.0 0.2 0 0.2
475.0 175.0 0.2 0 0.2
475.0 200.0 0.2 0 0.2
475.0 225.0 0.2 0 0.2
475.0 250.0 0.2 0 0.2
475.0 275.0 0.2 0 0.2
475.0 300.0 0.2 0 0.2
475.0 325.0 0.2 0 0.2
475.0 350.0 0.2 0 0.2
475.0 375.0 0.2 0 0.2
475.0 400.0 0.2 0 0.2
475.0 425.0 0.2 0 0.2
475.0 450.0 0.2 0 0.2
475.0 475.0 0.2 0 0.2
475.0 500.0 0.2 0 0.2
475.0 525.0 0.2 0 0.2
500.0 25.0 0.2 0 0.2
500.0 50.0 0.2 0 0.2
500.0 75.0 0.2 0 0.2
500.0 100.0 0.2 0 0.2
500.0 125.0 0.2 0 0.2
500.0 150.0 0.2 0 0.2
500.0 175.0 0.2 0 0.2
500.0 200.0 0.2 0 0.2
500.0 225.0 0.2 0 0.2
500.0 250.0 0.2 0 0.2
500.0 275.0 0.2 0 0.2
500.0 300.0 0.2 0 0.2
500.0 325.0 0.2 0 0.2
500.0 350.0 0.2 0 0.2
500.0 375.0 0.2 0 0.2
500.0 400.0 0.2 0 0.2
500.0 425.0 0.2 0 0.2
500.0 450.0 0.2 0 0.2
500.0 475.0 0.2 0 0.2
500.0 500.0 0.2 0 0.2
500.0 525.0 0.2 0 0.2
525.0 50.0 0.2 0 0.2
525.0 75.0 0.2 0 0.2
525.0 100.0 0.2 0 0.2
525.0 125.0 0.2 0 0.2
525.0 150.0 0.2 0 0.2
525.0 175.0 0.2 0 0.2
525.0 200.0 0.2 0 0.2
525.0 225.0 0.2 0 0.2
525.0 250.0 0.2 0 0.2
525.0 275.0 0.2 0 0.2
525.0 300.0 0.2 0 0.2
525.0 325.0 0.2 0 0.2
525.0 350.0 0.2 0 0.2
525.0 375.0 0.2 0 0.2
525.0 400.0 0.2 0 0.2
525.0 425.0 0.2 0 0.2
525.0 450.0 0.2 0 0.2
525.0 475.0 0.2 0 0.2
525.0 500.0 0.2 0 0.2
525.0 525.0 0.2 0 0.2
550.0 50.0 0.2 0 0.2
550.0 75.0 0.2 0 0.2
550.0 100.0 0.2 0 0.2
550.0 125.0 0.2 0 0.2
550.0 150.0 0.2 0 0.2
550.0 175.0 0.2 0 0.2
550.0 200.0 0.2 0 0.2
550.0 225.0 0.2 0 0.2
550.0 250.0 0.2 0 0.2
550.0 275.0 0.2 0 0.2
550.0 300.0 0.2 0 0.2
550.0 325.0 0.2 0 0.2
550.0 350.0 0.2 0 0.2
550.0 375.0 0.2 0 0.2
550.0 400.0 0.2 0 0.2
550.0 425.0 0.2 0 0.2
550.0 450.0 0.2 0 0.2
550.0 475.0 0.2 0 0.2
550.0 500.0 0.2 0 0.2
575.0 75.0 0.2 0 0.2
575.0 100.0 0.2 0 0.2
575.0 125.0 0.2 0 0.2
575.0 150.0 0.2 0 0.2
575.0 175.0 0.2 0 0.2
575.0 200.0 0.2 0 0.2
575.0 225.0 0.2 0 0.2
575.0 250.0 0.2 0 0.2
575.0 275.0 0.2 0 0.2
575.0 300.0 0.2 0 0.2
575.0 325.0 0.2 0 0.2
575.0 350.0 0.2 0 0.2
575.0 375.0 0.2 0 0.2
575.0 400.0 0.2 0 0.2
575.0 425.0 0.2 0 0.2
575.0 450.0 0.2 0 0.2
575.0 475.0 0.2 0 0.2
575.0 500.0 0.2 0 0.2
600.0 100.0 0.2 0 0.2
600.0 125.0 0.2 0 0.2
600.0 150.0 0.2 0 0.2
600.0 175.0 0.2 0 0.2
600.0 200.0 0.2 0 0.2
600.0 225.0 0.2 0 0.2
600.0 250.0 0.2 0 0.2
600.0 275.0 0.2 0 0.2
600.0 300.0 0.2 0 0.2
600.0 325.0 0.2 0 0.2
600.0 350.0 0.2 0 0.2
600.0 375.0 0.2 0 0.2
600.0 400.0 0.2 0 0.2
600.0 425.0 0.2 0 0.2
600.0 450.0 0.2 0 0.2
600.0 475.0 0.2 0 0.2
625.0 125.0 0.2 0 0.2
625.0 150.0 0.2 0 0.2
625.0 175.0 0.2 0 0.2
625.0 200.0 0.2 0 0.2
625.0 225.0 0.2 0 0.2
625.0 250.0 0.2 0 0.2
625.0 275.0 0.2 0 0.2
625.0 300.0 0.2 0 0.2
625.0 325.0 0.2 0 0.2
625.0 350.0 0.2 0 0.2
625.0 375.0 0.2 0 0.2
625.0 400.0 0.2 0 0.2
625.0 425.0 0.2 0 0.2
625.0 450.0 0.2 0 0.2
650.0 150.0 0.2 0 0.2
650.0 175.0 0.2 0 0.2
650.0 200.0 0.2 0 0.2
650.0 225.0 0.2 0 0.2
650.0 250.0 0.2 0 0.2
650.0 275.0 0.2 0 0.2
650.0 300.0 0.2 0 0.2
650.0 325.0 0.2 0 0.2
650.0 350.0 0.2 0 0.2
650.0 375.0 0.2 0 0.2
650.0 400.0 0.2 0 0.2
650.0 425.0 0.2 0 0.2
675.0 200.0 0.2 0 0.2
675.0 225.0 0.2 0 0.2
675.0 250.0 0.2 0 0.2
675.0 275.0 0.2 0 0.2
675.0 300.0 0.2 0 0.2
675.0 325.0 0.2 0 0.2
675.0 350.0 0.2 0 0.2
675.0 375.0 0.2 0 0.2
