1
55
192.0 192.0 0.125 0 0.125
192.0 256.0 0.125 0 0.125
192.0 320.0 0.125 0 0.125
192.0 384.0 0.125 0 0.125
256.0 128.0 0.125 0 0.125
256.0 192.0 0.125 0 0.125
256.0 256.0 0.125 0 0.125
256.0 320.0 0.125 0 0.125
256.0 384.0 0.125 0 0.125
256.0 448.0 0.125 0 0.125
320.0 64.0 0.125 0 0.125
320.0 128.0 0.125 0 0.125
320.0 192.0 0.125 0 0.125
320.0 256.0 0.125 0 0.125
320.0 320.0 0.125 0 0.125
320.0 384.0 0.125 0 0.125
320.0 448.0 0.125 0 0.125
320.0 512.0 0.125 0 0.125
384.0 64.0 0.125 0 0.125
384.0 128.0 0.125 0 0.125
384.0 192.0 0.125 0 0.125
384.0 256.0 0.125 0 0.125
384.0 320.0 0.125 0 0.125
384.0 384.0 0.125 0 0.125
384.0 448.0 0.125 0 0.125
384.0 512.0 0.125 0 0.125
448.0 64.0 0.125 0 0.125
448.0 128.0 0.125 0 0.125
448.0 192.0 0.125 0 0.125
448.0 256.0 0.125 0 0.125
448.0 320.0 0.125 0 0.125
448.0 384.0 0.125 0 0.125
448.0 448.0 0.125 0 0.125
448.0 512.0 0.125 0 0.125
512.0 64.0 0.125 0 0.125
512.0 128.0 0.125 0 0.125
512.0 192.0 0.125 0 0.125
512.0 256.0 0.125 0 0.125
512.0 320.0 0.125 0 0.125
512.0 384.0 0.125 0 0.125
512.0 448.0 0.125 0 0.125
512.0 512.0 0.125 0 0.125
576.0 64.0 0.125 0 0.125
576.0 128.0 0.125 0 0.125
576.0 192.0 0.125 0 0.125
576.0 256.0 0.125 0 0.125
576.0 320.0 0.125 0 0.125
576.0 384.0 0.125 0 0.125
576.0 448.0 0.125 0 0.125
640.0 128.0 0.125 0 0.125
640.0 192.0 0.125 0 0.125
640.0 256.0 0.125 0 0.125
640.0 320.0 0.125 0 0.125
640.0 384.0 0.125 0 0.125
640.0 448.0 0.125 0 0.125
