1
879
170.5 263.5 0.254000254 0 0.254000254
170.5 279.0 0.254000254 0 0.254000254
170.5 294.5 0.254000254 0 0.254000254
170.5 310.0 0.254000254 0 0.254000254
186.0 201.5 0.254000254 0 0.254000254
186.0 217.0 0.254000254 0 0.254000254
186.0 232.5 0.254000254 0 0.254000254
186.0 248.0 0.254000254 0 0.254000254
186.0 263.5 0.254000254 0 0.254000254
186.0 279.0 0.254000254 0 0.254000254
186.0 294.5 0.254000254 0 0.254000254
186.0 310.0 0.254000254 0 0.254000254
186.0 325.5 0.254000254 0 0.254000254
186.0 341.0 0.254000254 0 0.254000254
186.0 356.5 0.254000254 0 0.254000254
186.0 372.0 0.254000254 0 0.254000254
201.5 170.5 0.254000254 0 0.254000254
201.5 186.0 0.254000254 0 0.254000254
201.5 201.5 0.254000254 0 0.254000254
201.5 217.0 0.254000254 0 0.254000254
201.5 232.5 0.254000254 0 0.254000254
201.5 248.0 0.254000254 0 0.254000254
201.5 263.5 0.254000254 0 0.254000254
201.5 279.0 0.254000254 0 0.254000254
201.5 294.5 0.254000254 0 0.254000254
201.5 310.0 0.254000254 0 0.254000254
201.5 325.5 0.254000254 0 0.254000254
201.5 341.0 0.254000254 0 0.254000254
201.5 356.5 0.254000254 0 0.254000254
201.5 372.0 0.254000254 0 0.254000254
201.5 387.5 0.254000254 0 0.254000254
201.5 403.0 0.254000254 0 0.254000254
217.0 139.5 0.254000254 0 0.254000254
217.0 155.0 0.254000254 0 0.254000254
217.0 170.5 0.254000254 0 0.254000254
217.0 186.0 0.254000254 0 0.254000254
217.0 201.5 0.254000254 0 0.254000254
217.0 217.0 0.254000254 0 0.254000254
217.0 232.5 0.254000254 0 0.254000254
217.0 248.0 0.254000254 0 0.254000254
217.0 263.5 0.254000254 0 0.254000254
217.0 279.0 0.254000254 0 0.254000254
217.0 294.5 0.254000254 0 0.254000254
217.0 310.0 0.254000254 0 0.254000254
217.0 325.5 0.254000254 0 0.254000254
217.0 341.0 0.254000254 0 0.254000254
217.0 356.5 0.254000254 0 0.254000254
217.0 372.0 0.254000254 0 0.254000254
217.0 387.5 0.254000254 0 0.254000254
217.0 403.0 0.254000254 0 0.254000254
217.0 418.5 0.254000254 0 0.254000254
217.0 434.0 0.254000254 0 0.254000254
232.5 124.0 0.254000254 0 0.254000254
232.5 139.5 0.254000254 0 0.254000254
232.5 155.0 0.254000254 0 0.254000254
232.5 170.5 0.254000254 0 0.254000254
232.5 186.0 0.254000254 0 0.254000254
232.5 201.5 0.254000254 0 0.254000254
232.5 217.0 0.254000254 0 0.254000254
232.5 232.5 0.254000254 0 0.254000254
232.5 248.0 0.254000254 0 0.254000254
232.5 263.5 0.254000254 0 0.254000254
232.5 279.0 0.254000254 0 0.254000254
232.5 294.5 0.254000254 0 0.254000254
232.5 310.0 0.254000254 0 0.254000254
232.5 325.5 0.254000254 0 0.254000254
232.5 341.0 0.254000254 0 0.254000254
232.5 356.5 0.254000254 0 0.254000254
232.5 372.0 0.254000254 0 0.254000254
232.5 387.5 0.254000254 0 0.254000254
232.5 403.0 0.254000254 0 0.254000254
232.5 418.5 0.254000254 0 0.254000254
232.5 434.0 0.254000254 0 0.254000254
232.5 449.5 0.254000254 0 0.254000254
248.0 108.5 0.254000254 0 0.254000254
248.0 124.0 0.254000254 0 0.254000254
248.0 139.5 0.254000254 0 0.254000254
248.0 155.0 0.254000254 0 0.254000254
248.0 170.5 0.254000254 0 0.254000254
248.0 186.0 0.254000254 0 0.254000254
248.0 201.5 0.254000254 0 0.254000254
248.0 217.0 0.254000254 0 0.254000254
248.0 232.5 0.254000254 0 0.254000254
248.0 248.0 0.254000254 0 0.254000254
248.0 263.5 0.254000254 0 0.254000254
248.0 279.0 0.254000254 0 0.254000254
248.0 294.5 0.254000254 0 0.254000254
248.0 310.0 0.254000254 0 0.254000254
248.0 325.5 0.254000254 0 0.254000254
248.0 341.0 0.254000254 0 0.254000254
248.0 356.5 0.254000254 0 0.254000254
248.0 372.0 0.254000254 0 0.254000254
248.0 387.5 0.254000254 0 0.254000254
248.0 403.0 0.254000254 0 0.254000254
248.0 418.5 0.254000254 0 0.254000254
248.0 434.0 0.254000254 0 0.254000254
248.0 449.5 0.254000254 0 0.254000254
248.0 465.0 0.254000254 0 0.254000254
263.5 93.0 0.254000254 0 0.254000254
263.5 108.5 0.254000254 0 0.254000254
263.5 124.0 0.254000254 0 0.254000254
263.5 139.5 0.254000254 0 0.254000254
263.5 155.0 0.254000254 0 0.254000254
263.5 170.5 0.254000254 0 0.254000254
263.5 186.0 0.254000254 0 0.254000254
263.5 201.5 0.254000254 0 0.254000254
263.5 217.0 0.254000254 0 0.254000254
263.5 232.5 0.254000254 0 0.254000254
263.5 248.0 0.254000254 0 0.254000254
263.5 263.5 0.254000254 0 0.254000254
263.5 279.0 0.254000254 0 0.254000254
263.5 294.5 0.254000254 0 0.254000254
263.5 310.0 0.254000254 0 0.254000254
263.5 325.5 0.254000254 0 0.254000254
263.5 341.0 0.254000254 0 0.254000254
263.5 356.5 0.254000254 0 0.254000254
263.5 372.0 0.254000254 0 0.254000254
263.5 387.5 0.254000254 0 0.254000254
263.5 403.0 0.254000254 0 0.254000254
263.5 418.5 0.254000254 0 0.254000254
263.5 434.0 0.254000254 0 0.254000254
263.5 449.5 0.254000254 0 0.254000254
263.5 465.0 0.254000254 0 0.254000254
263.5 480.5 0.254000254 0 0.254000254
279.0 77.5 0.254000254 0 0.254000254
279.0 93.0 0.254000254 0 0.254000254
279.0 108.5 0.254000254 0 0.254000254
279.0 124.0 0.254000254 0 0.254000254
279.0 139.5 0.254000254 0 0.254000254
279.0 155.0 0.254000254 0 0.254000254
279.0 170.5 0.254000254 0 0.254000254
279.0 186.0 0.254000254 0 0.254000254
279.0 201.5 0.254000254 0 0.254000254
279.0 217.0 0.254000254 0 0.254000254
279.0 232.5 0.254000254 0 0.254000254
279.0 248.0 0.254000254 0 0.254000254
279.0 263.5 0.254000254 0 0.254000254
279.0 279.0 0.254000254 0 0.254000254
279.0 294.5 0.254000254 0 0.254000254
279.0 310.0 0.254000254 0 0.254000254
279.0 325.5 0.254000254 0 0.254000254
279.0 341.0 0.254000254 0 0.254000254
279.0 356.5 0.254000254 0 0.254000254
279.0 372.0 0.254000254 0 0.254000254
279.0 387.5 0.254000254 0 0.254000254
279.0 403.0 0.254000254 0 0.254000254
279.0 418.5 0.254000254 0 0.254000254
279.0 434.0 0.254000254 0 0.254000254
279.0 449.5 0.254000254 0 0.254000254
279.0 465.0 0.254000254 0 0.254000254
279.0 480.5 0.254000254 0 0.254000254
294.5 77.5 0.254000254 0 0.254000254
294.5 93.0 0.254000254 0 0.254000254
294.5 108.5 0.254000254 0 0.254000254
294.5 124.0 0.254000254 0 0.254000254
294.5 139.5 0.254000254 0 0.254000254
294.5 155.0 0.254000254 0 0.254000254
294.5 170.5 0.254000254 0 0.254000254
294.5 186.0 0.254000254 0 0.254000254
294.5 201.5 0.254000254 0 0.254000254
294.5 217.0 0.254000254 0 0.254000254
294.5 232.5 0.254000254 0 0.254000254
294.5 248.0 0.254000254 0 0.254000254
294.5 263.5 0.254000254 0 0.254000254
294.5 279.0 0.254000254 0 0.254000254
294.5 294.5 0.254000254 0 0.254000254
294.5 310.0 0.254000254 0 0.254000254
294.5 325.5 0.254000254 0 0.254000254
294.5 341.0 0.254000254 0 0.254000254
294.5 356.5 0.254000254 0 0.254000254
294.5 372.0 0.254000254 0 0.254000254
294.5 387.5 0.254000254 0 0.254000254
294.5 403.0 0.254000254 0 0.254000254
294.5 418.5 0.254000254 0 0.254000254
294.5 434.0 0.254000254 0 0.254000254
294.5 449.5 0.254000254 0 0.254000254
294.5 465.0 0.254000254 0 0.254000254
294.5 480.5 0.254000254 0 0.254000254
294.5 496.0 0.254000254 0 0.254000254
310.0 62.0 0.254000254 0 0.254000254
310.0 77.5 0.254000254 0 0.254000254
310.0 93.0 0.254000254 0 0.254000254
310.0 108.5 0.254000254 0 0.254000254
310.0 124.0 0.254000254 0 0.254000254
310.0 139.5 0.254000254 0 0.254000254
310.0 155.0 0.254000254 0 0.254000254
310.0 170.5 0.254000254 0 0.254000254
310.0 186.0 0.254000254 0 0.254000254
310.0 201.5 0.254000254 0 0.254000254
310.0 217.0 0.254000254 0 0.254000254
310.0 232.5 0.254000254 0 0.254000254
310.0 248.0 0.254000254 0 0.254000254
310.0 263.5 0.254000254 0 0.254000254
310.0 279.0 0.254000254 0 0.254000254
310.0 294.5 0.254000254 0 0.254000254
310.0 310.0 0.254000254 0 0.254000254
310.0 325.5 0.254000254 0 0.254000254
310.0 341.0 0.254000254 0 0.254000254
310.0 356.5 0.254000254 0 0.254000254
310.0 372.0 0.254000254 0 0.254000254
310.0 387.5 0.254000254 0 0.254000254
310.0 403.0 0.254000254 0 0.254000254
310.0 418.5 0.254000254 0 0.254000254
310.0 434.0 0.254000254 0 0.254000254
310.0 449.5 0.254000254 0 0.254000254
310.0 465.0 0.254000254 0 0.254000254
310.0 480.5 0.254000254 0 0.254000254
310.0 496.0 0.254000254 0 0.254000254
310.0 511.5 0.254000254 0 0.254000254
325.5 46.5 0.254000254 0 0.254000254
325.5 62.0 0.254000254 0 0.254000254
325.5 77.5 0.254000254 0 0.254000254
325.5 93.0 0.254000254 0 0.254000254
325.5 108.5 0.254000254 0 0.254000254
325.5 124.0 0.254000254 0 0.254000254
325.5 139.5 0.254000254 0 0.254000254
325.5 155.0 0.254000254 0 0.254000254
325.5 170.5 0.254000254 0 0.254000254
325.5 186.0 0.254000254 0 0.254000254
325.5 201.5 0.254000254 0 0.254000254
325.5 217.0 0.254000254 0 0.254000254
325.5 232.5 0.254000254 0 0.254000254
325.5 248.0 0.254000254 0 0.254000254
325.5 263.5 0.254000254 0 0.254000254
325.5 279.0 0.254000254 0 0.254000254
325.5 294.5 0.254000254 0 0.254000254
325.5 310.0 0.254000254 0 0.254000254
325.5 325.5 0.254000254 0 0.254000254
325.5 341.0 0.254000254 0 0.254000254
325.5 356.5 0.254000254 0 0.254000254
325.5 372.0 0.254000254 0 0.254000254
325.5 387.5 0.254000254 0 0.254000254
325.5 403.0 0.254000254 0 0.254000254
325.5 418.5 0.254000254 0 0.254000254
325.5 434.0 0.254000254 0 0.254000254
325.5 449.5 0.254000254 0 0.254000254
325.5 465.0 0.254000254 0 0.254000254
325.5 480.5 0.254000254 0 0.254000254
325.5 496.0 0.254000254 0 0.254000254
325.5 511.5 0.254000254 0 0.254000254
341.0 46.5 0.254000254 0 0.254000254
341.0 62.0 0.254000254 0 0.254000254
341.0 77.5 0.254000254 0 0.254000254
341.0 93.0 0.254000254 0 0.254000254
341.0 108.5 0.254000254 0 0.254000254
341.0 124.0 0.254000254 0 0.254000254
341.0 139.5 0.254000254 0 0.254000254
341.0 155.0 0.254000254 0 0.254000254
341.0 170.5 0.254000254 0 0.254000254
341.0 186.0 0.254000254 0 0.254000254
341.0 201.5 0.254000254 0 0.254000254
341.0 217.0 0.254000254 0 0.254000254
341.0 232.5 0.254000254 0 0.254000254
341.0 248.0 0.254000254 0 0.254000254
341.0 263.5 0.254000254 0 0.254000254
341.0 279.0 0.254000254 0 0.254000254
341.0 294.5 0.254000254 0 0.254000254
341.0 310.0 0.254000254 0 0.254000254
341.0 325.5 0.254000254 0 0.254000254
341.0 341.0 0.254000254 0 0.254000254
341.0 356.5 0.254000254 0 0.254000254
341.0 372.0 0.254000254 0 0.254000254
341.0 387.5 0.254000254 0 0.254000254
341.0 403.0 0.254000254 0 0.254000254
341.0 418.5 0.254000254 0 0.254000254
341.0 434.0 0.254000254 0 0.254000254
341.0 449.5 0.254000254 0 0.254000254
341.0 465.0 0.254000254 0 0.254000254
341.0 480.5 0.254000254 0 0.254000254
341.0 496.0 0.254000254 0 0.254000254
341.0 511.5 0.254000254 0 0.254000254
341.0 527.0 0.254000254 0 0.254000254
356.5 46.5 0.254000254 0 0.254000254
356.5 62.0 0.254000254 0 0.254000254
356.5 77.5 0.254000254 0 0.254000254
356.5 93.0 0.254000254 0 0.254000254
356.5 108.5 0.254000254 0 0.254000254
356.5 124.0 0.254000254 0 0.254000254
356.5 139.5 0.254000254 0 0.254000254
356.5 155.0 0.254000254 0 0.254000254
356.5 170.5 0.254000254 0 0.254000254
356.5 186.0 0.254000254 0 0.254000254
356.5 201.5 0.254000254 0 0.254000254
356.5 217.0 0.254000254 0 0.254000254
356.5 232.5 0.254000254 0 0.254000254
356.5 248.0 0.254000254 0 0.254000254
356.5 263.5 0.254000254 0 0.254000254
356.5 279.0 0.254000254 0 0.254000254
356.5 294.5 0.254000254 0 0.254000254
356.5 310.0 0.254000254 0 0.254000254
356.5 325.5 0.254000254 0 0.254000254
356.5 341.0 0.254000254 0 0.254000254
356.5 356.5 0.254000254 0 0.254000254
356.5 372.0 0.254000254 0 0.254000254
356.5 387.5 0.254000254 0 0.254000254
356.5 403.0 0.254000254 0 0.254000254
356.5 418.5 0.254000254 0 0.254000254
356.5 434.0 0.254000254 0 0.254000254
356.5 449.5 0.254000254 0 0.254000254
356.5 465.0 0.254000254 0 0.254000254
356.5 480.5 0.254000254 0 0.254000254
356.5 496.0 0.254000254 0 0.254000254
356.5 511.5 0.254000254 0 0.254000254
356.5 527.0 0.254000254 0 0.254000254
372.0 46.5 0.254000254 0 0.254000254
372.0 62.0 0.254000254 0 0.254000254
372.0 77.5 0.254000254 0 0.254000254
372.0 93.0 0.254000254 0 0.254000254
372.0 108.5 0.254000254 0 0.254000254
372.0 124.0 0.254000254 0 0.254000254
372.0 139.5 0.254000254 0 0.254000254
372.0 155.0 0.254000254 0 0.254000254
372.0 170.5 0.254000254 0 0.254000254
372.0 186.0 0.254000254 0 0.254000254
372.0 201.5 0.254000254 0 0.254000254
372.0 217.0 0.254000254 0 0.254000254
372.0 232.5 0.254000254 0 0.254000254
372.0 248.0 0.254000254 0 0.254000254
372.0 263.5 0.254000254 0 0.254000254
372.0 279.0 0.254000254 0 0.254000254
372.0 294.5 0.254000254 0 0.254000254
372.0 310.0 0.254000254 0 0.254000254
372.0 325.5 0.254000254 0 0.254000254
372.0 341.0 0.254000254 0 0.254000254
372.0 356.5 0.254000254 0 0.254000254
372.0 372.0 0.254000254 0 0.254000254
372.0 387.5 0.254000254 0 0.254000254
372.0 403.0 0.254000254 0 0.254000254
372.0 418.5 0.254000254 0 0.254000254
372.0 434.0 0.254000254 0 0.254000254
372.0 449.5 0.254000254 0 0.254000254
372.0 465.0 0.254000254 0 0.254000254
372.0 480.5 0.254000254 0 0.254000254
372.0 496.0 0.254000254 0 0.254000254
372.0 511.5 0.254000254 0 0.254000254
372.0 527.0 0.254000254 0 0.254000254
387.5 31.0 0.254000254 0 0.254000254
387.5 46.5 0.254000254 0 0.254000254
387.5 62.0 0.254000254 0 0.254000254
387.5 77.5 0.254000254 0 0.254000254
387.5 93.0 0.254000254 0 0.254000254
387.5 108.5 0.254000254 0 0.254000254
387.5 124.0 0.254000254 0 0.254000254
387.5 139.5 0.254000254 0 0.254000254
387.5 155.0 0.254000254 0 0.254000254
387.5 170.5 0.254000254 0 0.254000254
387.5 186.0 0.254000254 0 0.254000254
387.5 201.5 0.254000254 0 0.254000254
387.5 217.0 0.254000254 0 0.254000254
387.5 232.5 0.254000254 0 0.254000254
387.5 248.0 0.254000254 0 0.254000254
387.5 263.5 0.254000254 0 0.254000254
387.5 279.0 0.254000254 0 0.254000254
387.5 294.5 0.254000254 0 0.254000254
387.5 310.0 0.254000254 0 0.254000254
387.5 325.5 0.254000254 0 0.254000254
387.5 341.0 0.254000254 0 0.254000254
387.5 356.5 0.254000254 0 0.254000254
387.5 372.0 0.254000254 0 0.254000254
387.5 387.5 0.254000254 0 0.254000254
387.5 403.0 0.254000254 0 0.254000254
387.5 418.5 0.254000254 0 0.254000254
387.5 434.0 0.254000254 0 0.254000254
387.5 449.5 0.254000254 0 0.254000254
387.5 465.0 0.254000254 0 0.254000254
387.5 480.5 0.254000254 0 0.254000254
387.5 496.0 0.254000254 0 0.254000254
387.5 511.5 0.254000254 0 0.254000254
387.5 527.0 0.254000254 0 0.254000254
403.0 31.0 0.254000254 0 0.254000254
403.0 46.5 0.254000254 0 0.254000254
403.0 62.0 0.254000254 0 0.254000254
403.0 77.5 0.254000254 0 0.254000254
403.0 93.0 0.254000254 0 0.254000254
403.0 108.5 0.254000254 0 0.254000254
403.0 124.0 0.254000254 0 0.254000254
403.0 139.5 0.254000254 0 0.254000254
403.0 155.0 0.254000254 0 0.254000254
403.0 170.5 0.254000254 0 0.254000254
403.0 186.0 0.254000254 0 0.254000254
403.0 201.5 0.254000254 0 0.254000254
403.0 217.0 0.254000254 0 0.254000254
403.0 232.5 0.254000254 0 0.254000254
403.0 248.0 0.254000254 0 0.254000254
403.0 263.5 0.254000254 0 0.254000254
403.0 279.0 0.254000254 0 0.254000254
403.0 294.5 0.254000254 0 0.254000254
403.0 310.0 0.254000254 0 0.254000254
403.0 325.5 0.254000254 0 0.254000254
403.0 341.0 0.254000254 0 0.254000254
403.0 356.5 0.254000254 0 0.254000254
403.0 372.0 0.254000254 0 0.254000254
403.0 387.5 0.254000254 0 0.254000254
403.0 403.0 0.254000254 0 0.254000254
403.0 418.5 0.254000254 0 0.254000254
403.0 434.0 0.254000254 0 0.254000254
403.0 449.5 0.254000254 0 0.254000254
403.0 465.0 0.254000254 0 0.254000254
403.0 480.5 0.254000254 0 0.254000254
403.0 496.0 0.254000254 0 0.254000254
403.0 511.5 0.254000254 0 0.254000254
403.0 527.0 0.254000254 0 0.254000254
418.5 31.0 0.254000254 0 0.254000254
418.5 46.5 0.254000254 0 0.254000254
418.5 62.0 0.254000254 0 0.254000254
418.5 77.5 0.254000254 0 0.254000254
418.5 93.0 0.254000254 0 0.254000254
418.5 108.5 0.254000254 0 0.254000254
418.5 124.0 0.254000254 0 0.254000254
418.5 139.5 0.254000254 0 0.254000254
418.5 155.0 0.254000254 0 0.254000254
418.5 170.5 0.254000254 0 0.254000254
418.5 186.0 0.254000254 0 0.254000254
418.5 201.5 0.254000254 0 0.254000254
418.5 217.0 0.254000254 0 0.254000254
418.5 232.5 0.254000254 0 0.254000254
418.5 248.0 0.254000254 0 0.254000254
418.5 263.5 0.254000254 0 0.254000254
418.5 279.0 0.254000254 0 0.254000254
418.5 294.5 0.254000254 0 0.254000254
418.5 310.0 0.254000254 0 0.254000254
418.5 325.5 0.254000254 0 0.254000254
418.5 341.0 0.254000254 0 0.254000254
418.5 356.5 0.254000254 0 0.254000254
418.5 372.0 0.254000254 0 0.254000254
418.5 387.5 0.254000254 0 0.254000254
418.5 403.0 0.254000254 0 0.254000254
418.5 418.5 0.254000254 0 0.254000254
418.5 434.0 0.254000254 0 0.254000254
418.5 449.5 0.254000254 0 0.254000254
418.5 465.0 0.254000254 0 0.254000254
418.5 480.5 0.254000254 0 0.254000254
418.5 496.0 0.254000254 0 0.254000254
418.5 511.5 0.254000254 0 0.254000254
418.5 527.0 0.254000254 0 0.254000254
418.5 542.5 0.254000254 0 0.254000254
434.0 31.0 0.254000254 0 0.254000254
434.0 46.5 0.254000254 0 0.254000254
434.0 62.0 0.254000254 0 0.254000254
434.0 77.5 0.254000254 0 0.254000254
434.0 93.0 0.254000254 0 0.254000254
434.0 108.5 0.254000254 0 0.254000254
434.0 124.0 0.254000254 0 0.254000254
434.0 139.5 0.254000254 0 0.254000254
434.0 155.0 0.254000254 0 0.254000254
434.0 170.5 0.254000254 0 0.254000254
434.0 186.0 0.254000254 0 0.254000254
434.0 201.5 0.254000254 0 0.254000254
434.0 217.0 0.254000254 0 0.254000254
434.0 232.5 0.254000254 0 0.254000254
434.0 248.0 0.254000254 0 0.254000254
434.0 263.5 0.254000254 0 0.254000254
434.0 279.0 0.254000254 0 0.254000254
434.0 294.5 0.254000254 0 0.254000254
434.0 310.0 0.254000254 0 0.254000254
434.0 325.5 0.254000254 0 0.254000254
434.0 341.0 0.254000254 0 0.254000254
434.0 356.5 0.254000254 0 0.254000254
434.0 372.0 0.254000254 0 0.254000254
434.0 387.5 0.254000254 0 0.254000254
434.0 403.0 0.254000254 0 0.254000254
434.0 418.5 0.254000254 0 0.254000254
434.0 434.0 0.254000254 0 0.254000254
434.0 449.5 0.254000254 0 0.254000254
434.0 465.0 0.254000254 0 0.254000254
434.0 480.5 0.254000254 0 0.254000254
434.0 496.0 0.254000254 0 0.254000254
434.0 511.5 0.254000254 0 0.254000254
434.0 527.0 0.254000254 0 0.254000254
434.0 542.5 0.254000254 0 0.254000254
449.5 31.0 0.254000254 0 0.254000254
449.5 46.5 0.254000254 0 0.254000254
449.5 62.0 0.254000254 0 0.254000254
449.5 77.5 0.254000254 0 0.254000254
449.5 93.0 0.254000254 0 0.254000254
449.5 108.5 0.254000254 0 0.254000254
449.5 124.0 0.254000254 0 0.254000254
449.5 139.5 0.254000254 0 0.254000254
449.5 155.0 0.254000254 0 0.254000254
449.5 170.5 0.254000254 0 0.254000254
449.5 186.0 0.254000254 0 0.254000254
449.5 201.5 0.254000254 0 0.254000254
449.5 217.0 0.254000254 0 0.254000254
449.5 232.5 0.254000254 0 0.254000254
449.5 248.0 0.254000254 0 0.254000254
449.5 263.5 0.254000254 0 0.254000254
449.5 279.0 0.254000254 0 0.254000254
449.5 294.5 0.254000254 0 0.254000254
449.5 310.0 0.254000254 0 0.254000254
449.5 325.5 0.254000254 0 0.254000254
449.5 341.0 0.254000254 0 0.254000254
449.5 356.5 0.254000254 0 0.254000254
449.5 372.0 0.254000254 0 0.254000254
449.5 387.5 0.254000254 0 0.254000254
449.5 403.0 0.254000254 0 0.254000254
449.5 418.5 0.254000254 0 0.254000254
449.5 434.0 0.254000254 0 0.254000254
449.5 449.5 0.254000254 0 0.254000254
449.5 465.0 0.254000254 0 0.254000254
449.5 480.5 0.254000254 0 0.254000254
449.5 496.0 0.254000254 0 0.254000254
449.5 511.5 0.254000254 0 0.254000254
449.5 527.0 0.254000254 0 0.254000254
465.0 31.0 0.254000254 0 0.254000254
465.0 46.5 0.254000254 0 0.254000254
465.0 62.0 0.254000254 0 0.254000254
465.0 77.5 0.254000254 0 0.254000254
465.0 93.0 0.254000254 0 0.254000254
465.0 108.5 0.254000254 0 0.254000254
465.0 124.0 0.254000254 0 0.254000254
465.0 139.5 0.254000254 0 0.254000254
465.0 155.0 0.254000254 0 0.254000254
465.0 170.5 0.254000254 0 0.254000254
465.0 186.0 0.254000254 0 0.254000254
465.0 201.5 0.254000254 0 0.254000254
465.0 217.0 0.254000254 0 0.254000254
465.0 232.5 0.254000254 0 0.254000254
465.0 248.0 0.254000254 0 0.254000254
465.0 263.5 0.254000254 0 0.254000254
465.0 279.0 0.254000254 0 0.254000254
465.0 294.5 0.254000254 0 0.254000254
465.0 310.0 0.254000254 0 0.254000254
465.0 325.5 0.254000254 0 0.254000254
465.0 341.0 0.254000254 0 0.254000254
465.0 356.5 0.254000254 0 0.254000254
465.0 372.0 0.254000254 0 0.254000254
465.0 387.5 0.254000254 0 0.254000254
465.0 403.0 0.254000254 0 0.254000254
465.0 418.5 0.254000254 0 0.254000254
465.0 434.0 0.254000254 0 0.254000254
465.0 449.5 0.254000254 0 0.254000254
465.0 465.0 0.254000254 0 0.254000254
465.0 480.5 0.254000254 0 0.254000254
465.0 496.0 0.254000254 0 0.254000254
465.0 511.5 0.254000254 0 0.254000254
465.0 527.0 0.254000254 0 0.254000254
480.5 31.0 0.254000254 0 0.254000254
480.5 46.5 0.254000254 0 0.254000254
480.5 62.0 0.254000254 0 0.254000254
480.5 77.5 0.254000254 0 0.254000254
480.5 93.0 0.254000254 0 0.254000254
480.5 108.5 0.254000254 0 0.254000254
480.5 124.0 0.254000254 0 0.254000254
480.5 139.5 0.254000254 0 0.254000254
480.5 155.0 0.254000254 0 0.254000254
480.5 170.5 0.254000254 0 0.254000254
480.5 186.0 0.254000254 0 0.254000254
480.5 201.5 0.254000254 0 0.254000254
480.5 217.0 0.254000254 0 0.254000254
480.5 232.5 0.254000254 0 0.254000254
480.5 248.0 0.254000254 0 0.254000254
480.5 263.5 0.254000254 0 0.254000254
480.5 279.0 0.254000254 0 0.254000254
480.5 294.5 0.254000254 0 0.254000254
480.5 310.0 0.254000254 0 0.254000254
480.5 325.5 0.254000254 0 0.254000254
480.5 341.0 0.254000254 0 0.254000254
480.5 356.5 0.254000254 0 0.254000254
480.5 372.0 0.254000254 0 0.254000254
480.5 387.5 0.254000254 0 0.254000254
480.5 403.0 0.254000254 0 0.254000254
480.5 418.5 0.254000254 0 0.254000254
480.5 434.0 0.254000254 0 0.254000254
480.5 449.5 0.254000254 0 0.254000254
480.5 465.0 0.254000254 0 0.254000254
480.5 480.5 0.254000254 0 0.254000254
480.5 496.0 0.254000254 0 0.254000254
480.5 511.5 0.254000254 0 0.254000254
480.5 527.0 0.254000254 0 0.254000254
496.0 46.5 0.254000254 0 0.254000254
496.0 62.0 0.254000254 0 0.254000254
496.0 77.5 0.254000254 0 0.254000254
496.0 93.0 0.254000254 0 0.254000254
496.0 108.5 0.254000254 0 0.254000254
496.0 124.0 0.254000254 0 0.254000254
496.0 139.5 0.254000254 0 0.254000254
496.0 155.0 0.254000254 0 0.254000254
496.0 170.5 0.254000254 0 0.254000254
496.0 186.0 0.254000254 0 0.254000254
496.0 201.5 0.254000254 0 0.254000254
496.0 217.0 0.254000254 0 0.254000254
496.0 232.5 0.254000254 0 0.254000254
496.0 248.0 0.254000254 0 0.254000254
496.0 263.5 0.254000254 0 0.254000254
496.0 279.0 0.254000254 0 0.254000254
496.0 294.5 0.254000254 0 0.254000254
496.0 310.0 0.254000254 0 0.254000254
496.0 325.5 0.254000254 0 0.254000254
496.0 341.0 0.254000254 0 0.254000254
496.0 356.5 0.254000254 0 0.254000254
496.0 372.0 0.254000254 0 0.254000254
496.0 387.5 0.254000254 0 0.254000254
496.0 403.0 0.254000254 0 0.254000254
496.0 418.5 0.254000254 0 0.254000254
496.0 434.0 0.254000254 0 0.254000254
496.0 449.5 0.254000254 0 0.254000254
496.0 465.0 0.254000254 0 0.254000254
496.0 480.5 0.254000254 0 0.254000254
496.0 496.0 0.254000254 0 0.254000254
496.0 511.5 0.254000254 0 0.254000254
496.0 527.0 0.254000254 0 0.254000254
511.5 46.5 0.254000254 0 0.254000254
511.5 62.0 0.254000254 0 0.254000254
511.5 77.5 0.254000254 0 0.254000254
511.5 93.0 0.254000254 0 0.254000254
511.5 108.5 0.254000254 0 0.254000254
511.5 124.0 0.254000254 0 0.254000254
511.5 139.5 0.254000254 0 0.254000254
511.5 155.0 0.254000254 0 0.254000254
511.5 170.5 0.254000254 0 0.254000254
511.5 186.0 0.254000254 0 0.254000254
511.5 201.5 0.254000254 0 0.254000254
511.5 217.0 0.254000254 0 0.254000254
511.5 232.5 0.254000254 0 0.254000254
511.5 248.0 0.254000254 0 0.254000254
511.5 263.5 0.254000254 0 0.254000254
511.5 279.0 0.254000254 0 0.254000254
511.5 294.5 0.254000254 0 0.254000254
511.5 310.0 0.254000254 0 0.254000254
511.5 325.5 0.254000254 0 0.254000254
511.5 341.0 0.254000254 0 0.254000254
511.5 356.5 0.254000254 0 0.254000254
511.5 372.0 0.254000254 0 0.254000254
511.5 387.5 0.254000254 0 0.254000254
511.5 403.0 0.254000254 0 0.254000254
511.5 418.5 0.254000254 0 0.254000254
511.5 434.0 0.254000254 0 0.254000254
511.5 449.5 0.254000254 0 0.254000254
511.5 465.0 0.254000254 0 0.254000254
511.5 480.5 0.254000254 0 0.254000254
511.5 496.0 0.254000254 0 0.254000254
511.5 511.5 0.254000254 0 0.254000254
511.5 527.0 0.254000254 0 0.254000254
527.0 46.5 0.254000254 0 0.254000254
527.0 62.0 0.254000254 0 0.254000254
527.0 77.5 0.254000254 0 0.254000254
527.0 93.0 0.254000254 0 0.254000254
527.0 108.5 0.254000254 0 0.254000254
527.0 124.0 0.254000254 0 0.254000254
527.0 139.5 0.254000254 0 0.254000254
527.0 155.0 0.254000254 0 0.254000254
527.0 170.5 0.254000254 0 0.254000254
527.0 186.0 0.254000254 0 0.254000254
527.0 201.5 0.254000254 0 0.254000254
527.0 217.0 0.254000254 0 0.254000254
527.0 232.5 0.254000254 0 0.254000254
527.0 248.0 0.254000254 0 0.254000254
527.0 263.5 0.254000254 0 0.254000254
527.0 279.0 0.254000254 0 0.254000254
527.0 294.5 0.254000254 0 0.254000254
527.0 310.0 0.254000254 0 0.254000254
527.0 325.5 0.254000254 0 0.254000254
527.0 341.0 0.254000254 0 0.254000254
527.0 356.5 0.254000254 0 0.254000254
527.0 372.0 0.254000254 0 0.254000254
527.0 387.5 0.254000254 0 0.254000254
527.0 403.0 0.254000254 0 0.254000254
527.0 418.5 0.254000254 0 0.254000254
527.0 434.0 0.254000254 0 0.254000254
527.0 449.5 0.254000254 0 0.254000254
527.0 465.0 0.254000254 0 0.254000254
527.0 480.5 0.254000254 0 0.254000254
527.0 496.0 0.254000254 0 0.254000254
527.0 511.5 0.254000254 0 0.254000254
542.5 62.0 0.254000254 0 0.254000254
542.5 77.5 0.254000254 0 0.254000254
542.5 93.0 0.254000254 0 0.254000254
542.5 108.5 0.254000254 0 0.254000254
542.5 124.0 0.254000254 0 0.254000254
542.5 139.5 0.254000254 0 0.254000254
542.5 155.0 0.254000254 0 0.254000254
542.5 170.5 0.254000254 0 0.254000254
542.5 186.0 0.254000254 0 0.254000254
542.5 201.5 0.254000254 0 0.254000254
542.5 217.0 0.254000254 0 0.254000254
542.5 232.5 0.254000254 0 0.254000254
542.5 248.0 0.254000254 0 0.254000254
542.5 263.5 0.254000254 0 0.254000254
542.5 279.0 0.254000254 0 0.254000254
542.5 294.5 0.254000254 0 0.254000254
542.5 310.0 0.254000254 0 0.254000254
542.5 325.5 0.254000254 0 0.254000254
542.5 341.0 0.254000254 0 0.254000254
542.5 356.5 0.254000254 0 0.254000254
542.5 372.0 0.254000254 0 0.254000254
542.5 387.5 0.254000254 0 0.254000254
542.5 403.0 0.254000254 0 0.254000254
542.5 418.5 0.254000254 0 0.254000254
542.5 434.0 0.254000254 0 0.254000254
542.5 449.5 0.254000254 0 0.254000254
542.5 465.0 0.254000254 0 0.254000254
542.5 480.5 0.254000254 0 0.254000254
542.5 496.0 0.254000254 0 0.254000254
542.5 511.5 0.254000254 0 0.254000254
558.0 62.0 0.254000254 0 0.254000254
558.0 77.5 0.254000254 0 0.254000254
558.0 93.0 0.254000254 0 0.254000254
558.0 108.5 0.254000254 0 0.254000254
558.0 124.0 0.254000254 0 0.254000254
558.0 139.5 0.254000254 0 0.254000254
558.0 155.0 0.254000254 0 0.254000254
558.0 170.5 0.254000254 0 0.254000254
558.0 186.0 0.254000254 0 0.254000254
558.0 201.5 0.254000254 0 0.254000254
558.0 217.0 0.254000254 0 0.254000254
558.0 232.5 0.254000254 0 0.254000254
558.0 248.0 0.254000254 0 0.254000254
558.0 263.5 0.254000254 0 0.254000254
558.0 279.0 0.254000254 0 0.254000254
558.0 294.5 0.254000254 0 0.254000254
558.0 310.0 0.254000254 0 0.254000254
558.0 325.5 0.254000254 0 0.254000254
558.0 341.0 0.254000254 0 0.254000254
558.0 356.5 0.254000254 0 0.254000254
558.0 372.0 0.254000254 0 0.254000254
558.0 387.5 0.254000254 0 0.254000254
558.0 403.0 0.254000254 0 0.254000254
558.0 418.5 0.254000254 0 0.254000254
558.0 434.0 0.254000254 0 0.254000254
558.0 449.5 0.254000254 0 0.254000254
558.0 465.0 0.254000254 0 0.254000254
558.0 480.5 0.254000254 0 0.254000254
558.0 496.0 0.254000254 0 0.254000254
573.5 77.5 0.254000254 0 0.254000254
573.5 93.0 0.254000254 0 0.254000254
573.5 108.5 0.254000254 0 0.254000254
573.5 124.0 0.254000254 0 0.254000254
573.5 139.5 0.254000254 0 0.254000254
573.5 155.0 0.254000254 0 0.254000254
573.5 170.5 0.254000254 0 0.254000254
573.5 186.0 0.254000254 0 0.254000254
573.5 201.5 0.254000254 0 0.254000254
573.5 217.0 0.254000254 0 0.254000254
573.5 232.5 0.254000254 0 0.254000254
573.5 248.0 0.254000254 0 0.254000254
573.5 263.5 0.254000254 0 0.254000254
573.5 279.0 0.254000254 0 0.254000254
573.5 294.5 0.254000254 0 0.254000254
573.5 310.0 0.254000254 0 0.254000254
573.5 325.5 0.254000254 0 0.254000254
573.5 341.0 0.254000254 0 0.254000254
573.5 356.5 0.254000254 0 0.254000254
573.5 372.0 0.254000254 0 0.254000254
573.5 387.5 0.254000254 0 0.254000254
573.5 403.0 0.254000254 0 0.254000254
573.5 418.5 0.254000254 0 0.254000254
573.5 434.0 0.254000254 0 0.254000254
573.5 449.5 0.254000254 0 0.254000254
573.5 465.0 0.254000254 0 0.254000254
573.5 480.5 0.254000254 0 0.254000254
573.5 496.0 0.254000254 0 0.254000254
589.0 93.0 0.254000254 0 0.254000254
589.0 108.5 0.254000254 0 0.254000254
589.0 124.0 0.254000254 0 0.254000254
589.0 139.5 0.254000254 0 0.254000254
589.0 155.0 0.254000254 0 0.254000254
589.0 170.5 0.254000254 0 0.254000254
589.0 186.0 0.254000254 0 0.254000254
589.0 201.5 0.254000254 0 0.254000254
589.0 217.0 0.254000254 0 0.254000254
589.0 232.5 0.254000254 0 0.254000254
589.0 248.0 0.254000254 0 0.254000254
589.0 263.5 0.254000254 0 0.254000254
589.0 279.0 0.254000254 0 0.254000254
589.0 294.5 0.254000254 0 0.254000254
589.0 310.0 0.254000254 0 0.254000254
589.0 325.5 0.254000254 0 0.254000254
589.0 341.0 0.254000254 0 0.254000254
589.0 356.5 0.254000254 0 0.254000254
589.0 372.0 0.254000254 0 0.254000254
589.0 387.5 0.254000254 0 0.254000254
589.0 403.0 0.254000254 0 0.254000254
589.0 418.5 0.254000254 0 0.254000254
589.0 434.0 0.254000254 0 0.254000254
589.0 449.5 0.254000254 0 0.254000254
589.0 465.0 0.254000254 0 0.254000254
589.0 480.5 0.254000254 0 0.254000254
604.5 108.5 0.254000254 0 0.254000254
604.5 124.0 0.254000254 0 0.254000254
604.5 139.5 0.254000254 0 0.254000254
604.5 155.0 0.254000254 0 0.254000254
604.5 170.5 0.254000254 0 0.254000254
604.5 186.0 0.254000254 0 0.254000254
604.5 201.5 0.254000254 0 0.254000254
604.5 217.0 0.254000254 0 0.254000254
604.5 232.5 0.254000254 0 0.254000254
604.5 248.0 0.254000254 0 0.254000254
604.5 263.5 0.254000254 0 0.254000254
604.5 279.0 0.254000254 0 0.254000254
604.5 294.5 0.254000254 0 0.254000254
604.5 310.0 0.254000254 0 0.254000254
604.5 325.5 0.254000254 0 0.254000254
604.5 341.0 0.254000254 0 0.254000254
604.5 356.5 0.254000254 0 0.254000254
604.5 372.0 0.254000254 0 0.254000254
604.5 387.5 0.254000254 0 0.254000254
604.5 403.0 0.254000254 0 0.254000254
604.5 418.5 0.254000254 0 0.254000254
604.5 434.0 0.254000254 0 0.254000254
604.5 449.5 0.254000254 0 0.254000254
604.5 465.0 0.254000254 0 0.254000254
620.0 124.0 0.254000254 0 0.254000254
620.0 139.5 0.254000254 0 0.254000254
620.0 155.0 0.254000254 0 0.254000254
620.0 170.5 0.254000254 0 0.254000254
620.0 186.0 0.254000254 0 0.254000254
620.0 201.5 0.254000254 0 0.254000254
620.0 217.0 0.254000254 0 0.254000254
620.0 232.5 0.254000254 0 0.254000254
620.0 248.0 0.254000254 0 0.254000254
620.0 263.5 0.254000254 0 0.254000254
620.0 279.0 0.254000254 0 0.254000254
620.0 294.5 0.254000254 0 0.254000254
620.0 310.0 0.254000254 0 0.254000254
620.0 325.5 0.254000254 0 0.254000254
620.0 341.0 0.254000254 0 0.254000254
620.0 356.5 0.254000254 0 0.254000254
620.0 372.0 0.254000254 0 0.254000254
620.0 387.5 0.254000254 0 0.254000254
620.0 403.0 0.254000254 0 0.254000254
620.0 418.5 0.254000254 0 0.254000254
620.0 434.0 0.254000254 0 0.254000254
620.0 449.5 0.254000254 0 0.254000254
635.5 139.5 0.254000254 0 0.254000254
635.5 155.0 0.254000254 0 0.254000254
635.5 170.5 0.254000254 0 0.254000254
635.5 186.0 0.254000254 0 0.254000254
635.5 201.5 0.254000254 0 0.254000254
635.5 217.0 0.254000254 0 0.254000254
635.5 232.5 0.254000254 0 0.254000254
635.5 248.0 0.254000254 0 0.254000254
635.5 263.5 0.254000254 0 0.254000254
635.5 279.0 0.254000254 0 0.254000254
635.5 294.5 0.254000254 0 0.254000254
635.5 310.0 0.254000254 0 0.254000254
635.5 325.5 0.254000254 0 0.254000254
635.5 341.0 0.254000254 0 0.254000254
635.5 356.5 0.254000254 0 0.254000254
635.5 372.0 0.254000254 0 0.254000254
635.5 387.5 0.254000254 0 0.254000254
635.5 403.0 0.254000254 0 0.254000254
635.5 418.5 0.254000254 0 0.254000254
635.5 434.0 0.254000254 0 0.254000254
651.0 155.0 0.254000254 0 0.254000254
651.0 170.5 0.254000254 0 0.254000254
651.0 186.0 0.254000254 0 0.254000254
651.0 201.5 0.254000254 0 0.254000254
651.0 217.0 0.254000254 0 0.254000254
651.0 232.5 0.254000254 0 0.254000254
651.0 248.0 0.254000254 0 0.254000254
651.0 263.5 0.254000254 0 0.254000254
651.0 279.0 0.254000254 0 0.254000254
651.0 294.5 0.254000254 0 0.254000254
651.0 310.0 0.254000254 0 0.254000254
651.0 325.5 0.254000254 0 0.254000254
651.0 341.0 0.254000254 0 0.254000254
651.0 356.5 0.254000254 0 0.254000254
651.0 372.0 0.254000254 0 0.254000254
651.0 387.5 0.254000254 0 0.254000254
651.0 403.0 0.254000254 0 0.254000254
666.5 186.0 0.254000254 0 0.254000254
666.5 201.5 0.254000254 0 0.254000254
666.5 217.0 0.254000254 0 0.254000254
666.5 232.5 0.254000254 0 0.254000254
666.5 248.0 0.254000254 0 0.254000254
666.5 263.5 0.254000254 0 0.254000254
666.5 279.0 0.254000254 0 0.254000254
666.5 294.5 0.254000254 0 0.254000254
666.5 310.0 0.254000254 0 0.254000254
666.5 325.5 0.254000254 0 0.254000254
666.5 341.0 0.254000254 0 0.254000254
666.5 356.5 0.254000254 0 0.254000254
666.5 372.0 0.254000254 0 0.254000254
682.0 248.0 0.254000254 0 0.254000254
682.0 263.5 0.254000254 0 0.254000254
682.0 279.0 0.254000254 0 0.254000254
682.0 294.5 0.254000254 0 0.254000254
682.0 310.0 0.254000254 0 0.254000254
682.0 325.5 0.254000254 0 0.254000254
