1
53
49.0 192.0 0.125 0 0.125
49.0 256.0 0.125 0 0.125
49.0 320.0 0.125 0 0.125
113.0 64.0 0.125 0 0.125
113.0 128.0 0.125 0 0.125
113.0 192.0 0.125 0 0.125
113.0 256.0 0.125 0 0.125
113.0 320.0 0.125 0 0.125
113.0 384.0 0.125 0 0.125
177.0 64.0 0.125 0 0.125
177.0 128.0 0.125 0 0.125
177.0 192.0 0.125 0 0.125
177.0 256.0 0.125 0 0.125
177.0 320.0 0.125 0 0.125
177.0 384.0 0.125 0 0.125
177.0 448.0 0.125 0 0.125
241.0 64.0 0.125 0 0.125
241.0 128.0 0.125 0 0.125
241.0 192.0 0.125 0 0.125
241.0 256.0 0.125 0 0.125
241.0 320.0 0.125 0 0.125
241.0 384.0 0.125 0 0.125
241.0 448.0 0.125 0 0.125
305.0 64.0 0.125 0 0.125
305.0 128.0 0.125 0 0.125
305.0 192.0 0.125 0 0.125
305.0 256.0 0.125 0 0.125
305.0 320.0 0.125 0 0.125
305.0 384.0 0.125 0 0.125
305.0 448.0 0.125 0 0.125
369.0 64.0 0.125 0 0.125
369.0 128.0 0.125 0 0.125
369.0 192.0 0.125 0 0.125
369.0 256.0 0.125 0 0.125
369.0 320.0 0.125 0 0.125
369.0 384.0 0.125 0 0.125
369.0 448.0 0.125 0 0.125
433.0 64.0 0.125 0 0.125
433.0 128.0 0.125 0 0.125
433.0 192.0 0.125 0 0.125
433.0 256.0 0.125 0 0.125
433.0 320.0 0.125 0 0.125
433.0 384.0 0.125 0 0.125
433.0 448.0 0.125 0 0.125
497.0 64.0 0.125 0 0.125
497.0 128.0 0.125 0 0.125
497.0 192.0 0.125 0 0.125
497.0 256.0 0.125 0 0.125
497.0 320.0 0.125 0 0.125
497.0 384.0 0.125 0 0.125
561.0 192.0 0.125 0 0.125
561.0 256.0 0.125 0 0.125
561.0 320.0 0.125 0 0.125
